flower_red (32.787410736083984, 7.8948655128479, -318.74945068359375) (0.0, 0.6447129249572754, 0.0, 0.7071067690849304) 0.651936411857605
flower_red (100.24148559570312, 7.874076843261719, -402.87921142578125) (0.0, 0.155976802110672, 0.0, 0.7071067690849304) 0.6146836280822754
flower_red (30.043304443359375, 7.8948655128479, -409.5934753417969) (0.0, 0.3261706531047821, 0.0, 0.7071067690849304) 1.1640024185180664
flower_red (37.39643096923828, 7.8948655128479, -305.2080383300781) (0.0, 0.6301777362823486, 0.0, 0.7071067690849304) 0.653976559638977
flower_red (34.28107452392578, 7.8948655128479, -425.32647705078125) (0.0, 0.6781975030899048, 0.0, 0.7071067690849304) 0.7363158464431763
flower_red (0.7973611354827881, 7.8948655128479, -374.1541442871094) (0.0, 0.34134411811828613, 0.0, 0.7071067690849304) 1.1829029321670532
flower_red (5.7034196853637695, 7.8948655128479, -375.1307678222656) (0.0, 0.01845070905983448, 0.0, 0.7071067690849304) 0.5837755799293518
flower_red (100.92887115478516, 7.862642288208008, -405.0973205566406) (0.0, 0.35482344031333923, 0.0, 0.7071067690849304) 1.2229530811309814
flower_red (29.11469268798828, 7.8948655128479, -417.78936767578125) (0.0, 0.1604575216770172, 0.0, 0.7071067690849304) 0.7665486335754395
flower_red (40.76913070678711, 7.8948655128479, -417.92413330078125) (0.0, 0.6925292015075684, 0.0, 0.7071067690849304) 0.8438396453857422
flower_red (24.46722984313965, 7.8948655128479, -411.3424072265625) (0.0, 0.7027188539505005, 0.0, 0.7071067690849304) 0.8279935717582703
flower_red (24.981260299682617, 7.8948655128479, -333.87060546875) (0.0, 0.07268114387989044, 0.0, 0.7071067690849304) 0.673532247543335
flower_red (245.60824584960938, 10.614782333374023, -324.3037414550781) (0.0, 0.2491094470024109, 0.0, 0.7071067690849304) 0.527315080165863
flower_red (28.510957717895508, 7.8948655128479, -319.44549560546875) (0.0, 0.4319494664669037, 0.0, 0.7071067690849304) 1.1012238264083862
flower_red (23.1806640625, 7.8948655128479, -335.9062194824219) (0.0, 0.16922195255756378, 0.0, 0.7071067690849304) 0.9694832563400269
flower_red (61.576873779296875, 7.8948655128479, -383.86138916015625) (0.0, 0.37030819058418274, 0.0, 0.7071067690849304) 1.1065889596939087
flower_red (33.20249938964844, 7.8948655128479, -315.1815490722656) (0.0, 0.2489769458770752, 0.0, 0.7071067690849304) 0.7994028329849243
flower_red (1.8061399459838867, 7.8948655128479, -368.9648742675781) (0.0, 0.1782279759645462, 0.0, 0.7071067690849304) 0.7213014364242554
flower_red (247.1177215576172, 10.820777893066406, -320.2928771972656) (0.0, 0.6610954999923706, 0.0, 0.7071067690849304) 1.1126985549926758
flower_red (59.0743408203125, 7.8948655128479, -382.0768737792969) (0.0, 0.23755742609500885, 0.0, 0.7071067690849304) 0.5654852390289307
flower_red (25.02986717224121, 7.8948655128479, -333.6825866699219) (0.0, 0.49549344182014465, 0.0, 0.7071067690849304) 0.9659101963043213
flower_red (32.585205078125, 7.8948655128479, -327.2339782714844) (0.0, 0.2960556447505951, 0.0, 0.7071067690849304) 0.8761907815933228
flower_red (59.075355529785156, 7.8948655128479, -375.5315246582031) (0.0, 0.4139789044857025, 0.0, 0.7071067690849304) 0.7668390274047852
flower_red (1.508474349975586, 7.8948655128479, -375.22747802734375) (0.0, 0.4431089460849762, 0.0, 0.7071067690849304) 1.2169816493988037
flower_red (28.623878479003906, 7.8948655128479, -317.8895263671875) (0.0, 0.11864118278026581, 0.0, 0.7071067690849304) 0.6357730627059937
flower_red (4.7611894607543945, 7.8948655128479, -374.9933776855469) (0.0, 0.41971349716186523, 0.0, 0.7071067690849304) 0.9657407402992249
flower_red (4.932701587677002, 7.8948655128479, -374.2059326171875) (0.0, 0.3761639893054962, 0.0, 0.7071067690849304) 0.6222237944602966
flower_red (18.576414108276367, 7.8948655128479, -343.40618896484375) (0.0, 0.2008165866136551, 0.0, 0.7071067690849304) 0.8590799570083618
flower_red (56.351810455322266, 7.8948655128479, -381.2517395019531) (0.0, 0.6763696670532227, 0.0, 0.7071067690849304) 1.0569655895233154
flower_red (31.60625648498535, 7.8948655128479, -316.8775634765625) (0.0, 0.28688424825668335, 0.0, 0.7071067690849304) 1.2471544742584229
flower_red (26.36063003540039, 7.8948655128479, -332.09478759765625) (0.0, 0.5478864312171936, 0.0, 0.7071067690849304) 1.2385120391845703
flower_red (244.842529296875, 10.614642143249512, -324.5952453613281) (0.0, 0.6056013107299805, 0.0, 0.7071067690849304) 0.8598935604095459
flower_red (17.954498291015625, 7.8948655128479, -352.1366271972656) (0.0, 0.12403260916471481, 0.0, 0.7071067690849304) 1.089399814605713
flower_red (11.977344512939453, 7.8948655128479, -357.46197509765625) (0.0, 0.6871659755706787, 0.0, 0.7071067690849304) 0.9708678722381592
flower_red (33.386409759521484, 7.8948655128479, -425.33941650390625) (0.0, 0.4593888521194458, 0.0, 0.7071067690849304) 1.1188437938690186
flower_red (22.575199127197266, 7.8948655128479, -342.84405517578125) (0.0, 0.5030121803283691, 0.0, 0.7071067690849304) 0.9515280723571777
flower_red (34.18189239501953, 7.8948655128479, -320.1046142578125) (0.0, 0.2948080003261566, 0.0, 0.7071067690849304) 1.028091311454773
flower_red (38.36530303955078, 7.8948655128479, -319.6978454589844) (0.0, 0.6781806349754333, 0.0, 0.7071067690849304) 1.1381381750106812
flower_red (30.99602508544922, 7.8948655128479, -324.2227478027344) (0.0, 0.6833767294883728, 0.0, 0.7071067690849304) 0.5905097126960754
flower_red (7.9198479652404785, 7.8948655128479, -377.197265625) (0.0, 0.5091569423675537, 0.0, 0.7071067690849304) 0.9972577095031738
flower_red (35.80290222167969, 7.8948655128479, -323.1310729980469) (0.0, 0.47364434599876404, 0.0, 0.7071067690849304) 0.9090592265129089
flower_red (24.242877960205078, 7.8948655128479, -339.66998291015625) (0.0, 0.18365716934204102, 0.0, 0.7071067690849304) 0.596528172492981
flower_red (19.681840896606445, 7.8948655128479, -344.7431335449219) (0.0, 0.2718593180179596, 0.0, 0.7071067690849304) 0.6877013444900513
flower_red (21.430105209350586, 7.8948655128479, -345.0604553222656) (0.0, 0.5436186194419861, 0.0, 0.7071067690849304) 0.8716320991516113
flower_red (31.176000595092773, 7.8948655128479, -308.17791748046875) (0.0, 0.5218712687492371, 0.0, 0.7071067690849304) 0.5361263751983643
flower_red (5.59920072555542, 7.8948655128479, -380.98663330078125) (0.0, 0.0716375857591629, 0.0, 0.7071067690849304) 0.5468389987945557
flower_red (1.6271471977233887, 7.8948655128479, -380.71368408203125) (0.0, 0.23712372779846191, 0.0, 0.7071067690849304) 0.7661650776863098
flower_red (33.99452590942383, 7.8948655128479, -311.70880126953125) (0.0, 0.20404629409313202, 0.0, 0.7071067690849304) 0.8750743865966797
flower_red (31.09490966796875, 7.8948655128479, -324.4010314941406) (0.0, 0.6236791014671326, 0.0, 0.7071067690849304) 0.9172801971435547
flower_red (56.41728591918945, 7.8948655128479, -381.4751892089844) (0.0, 0.04768604040145874, 0.0, 0.7071067690849304) 1.0996283292770386
flower_red (27.625411987304688, 7.8948655128479, -318.25146484375) (0.0, 0.12723661959171295, 0.0, 0.7071067690849304) 0.641028881072998
flower_red (37.254512786865234, 7.8948655128479, -323.8510437011719) (0.0, 0.35786476731300354, 0.0, 0.7071067690849304) 0.6840450763702393
flower_red (16.274124145507812, 7.8948655128479, -352.91021728515625) (0.0, 0.3548264801502228, 0.0, 0.7071067690849304) 1.2435553073883057
flower_red (24.953960418701172, 7.8948655128479, -332.7954406738281) (0.0, 0.1648912876844406, 0.0, 0.7071067690849304) 1.1991941928863525
flower_red (24.847448348999023, 7.8948655128479, -313.4723205566406) (0.0, 0.023907968774437904, 0.0, 0.7071067690849304) 1.046088695526123
flower_red (23.96172332763672, 7.8948655128479, -322.3453674316406) (0.0, 0.6098248362541199, 0.0, 0.7071067690849304) 0.7019116878509521
flower_red (18.91863250732422, 7.8948655128479, -344.12347412109375) (0.0, 0.36442357301712036, 0.0, 0.7071067690849304) 1.1270555257797241
flower_red (23.15536117553711, 7.8948655128479, -320.76470947265625) (0.0, 0.2309543639421463, 0.0, 0.7071067690849304) 0.8943949937820435
flower_red (29.690860748291016, 7.8948655128479, -323.03863525390625) (0.0, 0.2809674143791199, 0.0, 0.7071067690849304) 0.9222278594970703
flower_red (35.83926010131836, 7.8948655128479, -316.9026794433594) (0.0, 0.6760622262954712, 0.0, 0.7071067690849304) 0.8254595994949341
flower_red (27.101634979248047, 7.8948655128479, -340.4697265625) (0.0, 0.07640675455331802, 0.0, 0.7071067690849304) 0.7562475204467773
flower_red (29.720962524414062, 7.8948655128479, -311.4521484375) (0.0, 0.49478814005851746, 0.0, 0.7071067690849304) 0.7427856922149658
flower_red (34.127235412597656, 7.8948655128479, -322.3094787597656) (0.0, 0.0027017814572900534, 0.0, 0.7071067690849304) 1.1589727401733398
flower_red (31.57111930847168, 7.8948655128479, -309.8467102050781) (0.0, 0.619409441947937, 0.0, 0.7071067690849304) 0.8038922548294067
flower_red (28.207927703857422, 7.8948655128479, -325.29931640625) (0.0, 0.4517083466053009, 0.0, 0.7071067690849304) 0.6250284910202026
flower_red (32.981754302978516, 7.8948655128479, -315.87432861328125) (0.0, 0.6727387309074402, 0.0, 0.7071067690849304) 0.7341598868370056
flower_red (27.62815284729004, 7.8948655128479, -331.7314453125) (0.0, 0.008804308250546455, 0.0, 0.7071067690849304) 0.818432092666626
flower_red (27.318090438842773, 7.8948655128479, -344.1990661621094) (0.0, 0.4673903286457062, 0.0, 0.7071067690849304) 1.188915729522705
flower_red (24.443984985351562, 7.8948655128479, -333.0677185058594) (0.0, 0.2732521891593933, 0.0, 0.7071067690849304) 1.0937232971191406
flower_red (14.70366096496582, 7.8948655128479, -352.1446228027344) (0.0, 0.3767593502998352, 0.0, 0.7071067690849304) 0.5801424980163574
flower_red (27.778507232666016, 7.8948655128479, -336.7884521484375) (0.0, 0.5241854190826416, 0.0, 0.7071067690849304) 0.8476812839508057
flower_red (31.32537078857422, 7.8948655128479, -425.34173583984375) (0.0, 0.4188864827156067, 0.0, 0.7071067690849304) 1.1456689834594727
flower_red (27.397424697875977, 7.8948655128479, -348.58251953125) (0.0, 0.3109883666038513, 0.0, 0.7071067690849304) 1.033743143081665
flower_red (24.507761001586914, 7.8948655128479, -328.1999206542969) (0.0, 0.3715709149837494, 0.0, 0.7071067690849304) 1.17137610912323
flower_red (243.6247100830078, 10.83859920501709, -322.8023681640625) (0.0, 0.537552535533905, 0.0, 0.7071067690849304) 0.922260046005249
flower_red (58.03489685058594, 7.8948655128479, -381.65228271484375) (0.0, 0.05531580001115799, 0.0, 0.7071067690849304) 0.9536507725715637
flower_red (27.562618255615234, 7.8948655128479, -336.4945983886719) (0.0, 0.42689943313598633, 0.0, 0.7071067690849304) 0.6771589517593384
flower_red (28.58379554748535, 7.8948655128479, -317.8927001953125) (0.0, 0.6951718926429749, 0.0, 0.7071067690849304) 0.502043604850769
flower_red (52.71860885620117, 7.8948655128479, -376.80615234375) (0.0, 0.5396984219551086, 0.0, 0.7071067690849304) 0.520790159702301
flower_red (4.0804443359375, 7.8948655128479, -370.37176513671875) (0.0, 0.4104130268096924, 0.0, 0.7071067690849304) 1.1798193454742432
flower_red (32.40966796875, 7.8948655128479, -315.5957336425781) (0.0, 0.3954648971557617, 0.0, 0.7071067690849304) 0.9378832578659058
flower_red (7.410943508148193, 7.8948655128479, -376.98468017578125) (0.0, 0.39241698384284973, 0.0, 0.7071067690849304) 1.0666173696517944
flower_red (8.751005172729492, 7.8948655128479, -381.0413513183594) (0.0, 0.6024519205093384, 0.0, 0.7071067690849304) 0.719517707824707
flower_red (21.493017196655273, 7.8948655128479, -343.6912536621094) (0.0, 0.7067927718162537, 0.0, 0.7071067690849304) 1.060539960861206
flower_red (35.5885009765625, 7.8948655128479, -304.8431091308594) (0.0, 0.5458605885505676, 0.0, 0.7071067690849304) 1.0727791786193848
flower_red (24.3049259185791, 7.8948655128479, -316.8535461425781) (0.0, 0.18800166249275208, 0.0, 0.7071067690849304) 1.1715997457504272
flower_red (59.92195129394531, 7.8948655128479, -374.24163818359375) (0.0, 0.23530660569667816, 0.0, 0.7071067690849304) 0.9153416752815247
flower_red (34.96342849731445, 7.8948655128479, -315.6959533691406) (0.0, 0.6672267317771912, 0.0, 0.7071067690849304) 0.8402692079544067
flower_red (3.754228353500366, 7.8948655128479, -379.05255126953125) (0.0, 0.5410753488540649, 0.0, 0.7071067690849304) 0.653998613357544
flower_red (243.99325561523438, 10.643050193786621, -324.2451477050781) (0.0, 0.12095800042152405, 0.0, 0.7071067690849304) 1.0939260721206665
flower_red (249.72203063964844, 10.594488143920898, -321.52557373046875) (0.0, 0.6318219900131226, 0.0, 0.7071067690849304) 1.005555272102356
flower_red (11.502385139465332, 7.8948655128479, -354.163330078125) (0.0, 0.6026632785797119, 0.0, 0.7071067690849304) 0.7410291433334351
flower_red (22.74140739440918, 7.8948655128479, -339.072509765625) (0.0, 0.5592111349105835, 0.0, 0.7071067690849304) 1.2472047805786133
flower_red (29.809951782226562, 7.8948655128479, -324.3197937011719) (0.0, 0.15802909433841705, 0.0, 0.7071067690849304) 0.7749841213226318
flower_red (0.8899271488189697, 7.8948655128479, -370.13336181640625) (0.0, 0.3334568440914154, 0.0, 0.7071067690849304) 0.7272516489028931
flower_red (25.316089630126953, 7.8948655128479, -333.83685302734375) (0.0, 0.34389424324035645, 0.0, 0.7071067690849304) 1.0477203130722046
flower_red (30.094831466674805, 7.8948655128479, -323.1529541015625) (0.0, 0.5828256607055664, 0.0, 0.7071067690849304) 0.9673179388046265
flower_red (23.165136337280273, 7.8948655128479, -334.13818359375) (0.0, 0.4962933659553528, 0.0, 0.7071067690849304) 1.2315682172775269
flower_red (32.42591094970703, 7.8948655128479, -312.2926025390625) (0.0, 0.486725777387619, 0.0, 0.7071067690849304) 1.049178123474121
flower_red (36.86886978149414, 7.8948655128479, -322.6565246582031) (0.0, 0.45865878462791443, 0.0, 0.7071067690849304) 1.2438557147979736
flower_red (55.17012023925781, 7.8948655128479, -381.2734375) (0.0, 0.35535043478012085, 0.0, 0.7071067690849304) 0.7027167081832886
flower_red (23.890644073486328, 7.8948655128479, -341.4866027832031) (0.0, 0.454243540763855, 0.0, 0.7071067690849304) 1.1760143041610718
flower_red (37.907867431640625, 7.8948655128479, -314.6122131347656) (0.0, 0.5116357803344727, 0.0, 0.7071067690849304) 1.227004051208496
flower_red (29.98819923400879, 7.8948655128479, -316.7580871582031) (0.0, 0.5040028095245361, 0.0, 0.7071067690849304) 0.6038789749145508
flower_red (60.06523895263672, 7.8948655128479, -373.19580078125) (0.0, 0.018028903752565384, 0.0, 0.7071067690849304) 1.1013929843902588
flower_red (24.248510360717773, 7.8948655128479, -331.5060119628906) (0.0, 0.3522677421569824, 0.0, 0.7071067690849304) 1.0737956762313843
flower_red (243.81796264648438, 10.888291358947754, -322.3938293457031) (0.0, 0.2751711308956146, 0.0, 0.7071067690849304) 0.5849701166152954
flower_red (29.747068405151367, 7.8948655128479, -312.68865966796875) (0.0, 0.5566570162773132, 0.0, 0.7071067690849304) 1.1082415580749512
flower_red (9.419023513793945, 7.8948655128479, -382.26800537109375) (0.0, 0.24024251103401184, 0.0, 0.7071067690849304) 1.1575406789779663
flower_red (1.953035593032837, 7.8948655128479, -368.7272033691406) (0.0, 0.0470518134534359, 0.0, 0.7071067690849304) 1.0587003231048584
flower_red (189.852294921875, 9.039715766906738, -322.4349365234375) (0.0, 0.6443668007850647, 0.0, 0.7071067690849304) 0.8332611322402954
flower_red (28.692840576171875, 7.8948655128479, -337.9959411621094) (0.0, 0.08887387812137604, 0.0, 0.7071067690849304) 0.5246546864509583
flower_red (7.410794258117676, 7.8948655128479, -383.0830993652344) (0.0, 0.5966077446937561, 0.0, 0.7071067690849304) 1.09377121925354
flower_red (28.558761596679688, 7.8948655128479, -345.9580078125) (0.0, 0.0414402149617672, 0.0, 0.7071067690849304) 0.7351757287979126
flower_red (30.3278865814209, 7.8948655128479, -307.0354919433594) (0.0, 0.3552170991897583, 0.0, 0.7071067690849304) 1.0116455554962158
flower_red (35.4478645324707, 7.8948655128479, -317.357666015625) (0.0, 0.1037321612238884, 0.0, 0.7071067690849304) 0.9096639156341553
flower_red (249.19894409179688, 10.685468673706055, -324.2937927246094) (0.0, 0.6763077974319458, 0.0, 0.7071067690849304) 0.7535529136657715
flower_red (37.22661590576172, 7.8948655128479, -316.3115234375) (0.0, 0.6554247736930847, 0.0, 0.7071067690849304) 1.0976085662841797
flower_red (31.302093505859375, 7.8948655128479, -326.53643798828125) (0.0, 0.020628269761800766, 0.0, 0.7071067690849304) 1.2313038110733032
flower_red (30.269563674926758, 7.8948655128479, -413.357421875) (0.0, 0.6988891363143921, 0.0, 0.7071067690849304) 0.8814370632171631
flower_red (21.505773544311523, 7.8948655128479, -344.018310546875) (0.0, 0.31009215116500854, 0.0, 0.7071067690849304) 1.0166689157485962
flower_red (4.472076892852783, 7.8948655128479, -375.014892578125) (0.0, 0.5663712024688721, 0.0, 0.7071067690849304) 0.8781111836433411
flower_red (246.60125732421875, 10.618157386779785, -324.1238708496094) (0.0, 0.26696234941482544, 0.0, 0.7071067690849304) 0.9373692274093628
flower_red (28.889596939086914, 7.8948655128479, -329.5223693847656) (0.0, 0.3426315486431122, 0.0, 0.7071067690849304) 0.8965758085250854
flower_red (31.636207580566406, 7.8948655128479, -317.6492919921875) (0.0, 0.4705221951007843, 0.0, 0.7071067690849304) 0.7455450296401978
flower_red (31.61656951904297, 7.8948655128479, -312.86102294921875) (0.0, 0.27919209003448486, 0.0, 0.7071067690849304) 1.0239975452423096
flower_red (25.84189224243164, 7.8948655128479, -312.6322937011719) (0.0, 0.5689241886138916, 0.0, 0.7071067690849304) 0.7499494552612305
flower_red (25.41568946838379, 7.8948655128479, -323.54022216796875) (0.0, 0.20521225035190582, 0.0, 0.7071067690849304) 0.763638436794281
flower_red (26.00753402709961, 7.8948655128479, -333.4766540527344) (0.0, 0.4843336343765259, 0.0, 0.7071067690849304) 1.242708444595337
flower_red (28.264253616333008, 7.8948655128479, -321.4105224609375) (0.0, 0.2876240015029907, 0.0, 0.7071067690849304) 1.2151875495910645
flower_red (35.565643310546875, 7.8948655128479, -315.79119873046875) (0.0, 0.07226911932229996, 0.0, 0.7071067690849304) 1.1975879669189453
flower_red (36.32190704345703, 7.8948655128479, -326.0341796875) (0.0, 0.38568174839019775, 0.0, 0.7071067690849304) 0.7307416200637817
flower_red (28.955846786499023, 7.8948655128479, -323.9579162597656) (0.0, 0.6382783651351929, 0.0, 0.7071067690849304) 1.1948189735412598
flower_red (29.374807357788086, 7.8948655128479, -317.5545349121094) (0.0, 0.6088363528251648, 0.0, 0.7071067690849304) 1.0020147562026978
flower_red (248.9879150390625, 10.961212158203125, -317.63934326171875) (0.0, 0.6756500601768494, 0.0, 0.7071067690849304) 0.6570682525634766
flower_red (22.903173446655273, 7.8948655128479, -343.0693054199219) (0.0, 0.14908334612846375, 0.0, 0.7071067690849304) 0.9454943537712097
flower_red (38.299678802490234, 7.8948655128479, -314.63909912109375) (0.0, 0.5221307277679443, 0.0, 0.7071067690849304) 0.9293081164360046
flower_red (29.55120849609375, 7.8948655128479, -323.9358825683594) (0.0, 0.2680289149284363, 0.0, 0.7071067690849304) 0.5906767249107361
flower_red (24.09559440612793, 7.8948655128479, -327.7463073730469) (0.0, 0.5637338161468506, 0.0, 0.7071067690849304) 1.2040818929672241
flower_red (242.997802734375, 10.924759864807129, -322.74114990234375) (0.0, 0.5604677796363831, 0.0, 0.7071067690849304) 0.5249028205871582
flower_red (27.23497200012207, 7.8948655128479, -351.5965881347656) (0.0, 0.418962687253952, 0.0, 0.7071067690849304) 0.7368735074996948
flower_red (38.323638916015625, 7.8948655128479, -318.3230285644531) (0.0, 0.35169944167137146, 0.0, 0.7071067690849304) 1.2002642154693604
flower_red (58.361351013183594, 7.8948655128479, -376.3117370605469) (0.0, 0.052622195333242416, 0.0, 0.7071067690849304) 1.1526095867156982
flower_red (35.38286590576172, 7.8948655128479, -327.8833923339844) (0.0, 0.5221913456916809, 0.0, 0.7071067690849304) 1.0041180849075317
flower_red (31.64017105102539, 7.8948655128479, -316.74053955078125) (0.0, 0.6993473768234253, 0.0, 0.7071067690849304) 0.673755407333374
flower_red (27.112812042236328, 7.8948655128479, -344.7337646484375) (0.0, 0.4946860671043396, 0.0, 0.7071067690849304) 0.781568169593811
flower_red (25.28277015686035, 7.8948655128479, -347.5052490234375) (0.0, 0.17220789194107056, 0.0, 0.7071067690849304) 1.2214823961257935
flower_red (5.026012420654297, 7.8948655128479, -377.1598205566406) (0.0, 0.46185871958732605, 0.0, 0.7071067690849304) 1.245200276374817
flower_red (30.25531768798828, 7.8948655128479, -311.5755310058594) (0.0, 0.11362208425998688, 0.0, 0.7071067690849304) 0.7430568933486938
flower_red (5.486697196960449, 7.8948655128479, -384.06439208984375) (0.0, 0.032652679830789566, 0.0, 0.7071067690849304) 0.6259771585464478
flower_red (36.1548957824707, 7.8948655128479, -313.0227355957031) (0.0, 0.5811899304389954, 0.0, 0.7071067690849304) 0.558963418006897
flower_red (22.506683349609375, 7.8948655128479, -344.9171142578125) (0.0, 0.4523219168186188, 0.0, 0.7071067690849304) 0.515440046787262
flower_red (10.514259338378906, 7.8948655128479, -358.0822448730469) (0.0, 0.3587886095046997, 0.0, 0.7071067690849304) 0.8171523809432983
flower_red (0.23937225341796875, 7.8948655128479, -379.4778747558594) (0.0, 0.2742706835269928, 0.0, 0.7071067690849304) 1.2377079725265503
flower_red (29.825031280517578, 7.8948655128479, -317.16717529296875) (0.0, 0.44931524991989136, 0.0, 0.7071067690849304) 0.771966814994812
flower_red (13.721555709838867, 7.8948655128479, -353.43212890625) (0.0, 0.3896695375442505, 0.0, 0.7071067690849304) 0.5970830917358398
flower_red (21.173208236694336, 7.8948655128479, -345.725341796875) (0.0, 0.2118450552225113, 0.0, 0.7071067690849304) 1.000040888786316
flower_red (27.575313568115234, 7.8948655128479, -342.1832580566406) (0.0, 0.0647987574338913, 0.0, 0.7071067690849304) 0.5909929275512695
flower_red (247.4808349609375, 10.651268005371094, -321.4180603027344) (0.0, 0.042302876710891724, 0.0, 0.7071067690849304) 0.9769216179847717
flower_red (23.333518981933594, 7.8948655128479, -324.1363830566406) (0.0, 0.5125909447669983, 0.0, 0.7071067690849304) 1.246267557144165
flower_red (23.473173141479492, 7.8948655128479, -332.7098388671875) (0.0, 0.05507008358836174, 0.0, 0.7071067690849304) 1.1032841205596924
flower_red (1.9536912441253662, 7.8948655128479, -370.5401306152344) (0.0, 0.26539337635040283, 0.0, 0.7071067690849304) 0.8029181361198425
flower_red (27.697832107543945, 7.8948655128479, -326.3011474609375) (0.0, 0.155743807554245, 0.0, 0.7071067690849304) 0.5369895696640015
flower_red (34.03594970703125, 7.8948655128479, -317.4163818359375) (0.0, 0.022003857418894768, 0.0, 0.7071067690849304) 1.135460615158081
flower_red (28.810649871826172, 7.8948655128479, -318.5822448730469) (0.0, 0.06423508375883102, 0.0, 0.7071067690849304) 0.9000563621520996
flower_red (34.29376983642578, 7.8948655128479, -309.80462646484375) (0.0, 0.4505242705345154, 0.0, 0.7071067690849304) 1.0315707921981812
flower_red (10.796010971069336, 7.8948655128479, -358.7498474121094) (0.0, 0.3393167555332184, 0.0, 0.7071067690849304) 0.7895857095718384
flower_red (27.472078323364258, 7.8948655128479, -318.6558532714844) (0.0, 0.07051824778318405, 0.0, 0.7071067690849304) 0.8978369235992432
flower_red (34.7734375, 7.8948655128479, -318.4090881347656) (0.0, 0.6545178890228271, 0.0, 0.7071067690849304) 1.0777528285980225
flower_red (15.737236022949219, 7.8948655128479, -351.628173828125) (0.0, 0.33058857917785645, 0.0, 0.7071067690849304) 0.795989990234375
flower_red (57.86687088012695, 7.8948655128479, -382.5599060058594) (0.0, 0.4551953971385956, 0.0, 0.7071067690849304) 0.6967384219169617
flower_red (30.970632553100586, 7.8948655128479, -322.46734619140625) (0.0, 0.3952454626560211, 0.0, 0.7071067690849304) 0.8384051322937012
flower_red (26.571392059326172, 7.8948655128479, -345.9259338378906) (0.0, 0.22340534627437592, 0.0, 0.7071067690849304) 0.5048354864120483
flower_red (28.217554092407227, 7.8948655128479, -312.0260314941406) (0.0, 0.0038222132716327906, 0.0, 0.7071067690849304) 0.9723386168479919
flower_red (31.474559783935547, 7.8948655128479, -322.88104248046875) (0.0, 0.17351453006267548, 0.0, 0.7071067690849304) 1.2313854694366455
flower_red (24.616748809814453, 7.8948655128479, -325.4195556640625) (0.0, 0.6809285879135132, 0.0, 0.7071067690849304) 0.7426978945732117
flower_red (30.09244728088379, 7.8948655128479, -336.1462097167969) (0.0, 0.5911327004432678, 0.0, 0.7071067690849304) 0.7318254709243774
flower_red (248.0428466796875, 11.022834777832031, -318.3157958984375) (0.0, 0.48345088958740234, 0.0, 0.7071067690849304) 0.9427502751350403
flower_red (31.327754974365234, 7.8948655128479, -308.82562255859375) (0.0, 0.39727163314819336, 0.0, 0.7071067690849304) 0.7678489685058594
flower_red (26.449321746826172, 7.8948655128479, -315.0579833984375) (0.0, 0.45612531900405884, 0.0, 0.7071067690849304) 0.7679218053817749
flower_red (30.00995445251465, 7.8948655128479, -322.9139404296875) (0.0, 0.5092563033103943, 0.0, 0.7071067690849304) 0.7876157760620117
flower_red (26.29196548461914, 7.8948655128479, -336.7890625) (0.0, 0.4693748652935028, 0.0, 0.7071067690849304) 0.5858030319213867
flower_red (19.020408630371094, 7.8948655128479, -343.3398132324219) (0.0, 0.5480703711509705, 0.0, 0.7071067690849304) 0.5244311094284058
flower_red (246.4823455810547, 10.647038459777832, -322.4552307128906) (0.0, 0.07314012199640274, 0.0, 0.7071067690849304) 0.6214563250541687
flower_red (249.57737731933594, 10.637772560119629, -322.8046569824219) (0.0, 0.5692054629325867, 0.0, 0.7071067690849304) 1.2099344730377197
flower_red (4.507482051849365, 7.8948655128479, -384.44500732421875) (0.0, 0.29746344685554504, 0.0, 0.7071067690849304) 0.7964372038841248
flower_red (22.774398803710938, 7.8948655128479, -342.21636962890625) (0.0, 0.304552286863327, 0.0, 0.7071067690849304) 0.866593599319458
flower_red (31.304895401000977, 7.8948655128479, -310.08941650390625) (0.0, 0.268230140209198, 0.0, 0.7071067690849304) 0.5097978115081787
flower_red (29.900609970092773, 7.8948655128479, -333.7588806152344) (0.0, 0.5472913384437561, 0.0, 0.7071067690849304) 0.8277223110198975
flower_red (38.400291442871094, 7.8948655128479, -315.0213928222656) (0.0, 0.01094224862754345, 0.0, 0.7071067690849304) 1.059496283531189
flower_red (6.732165813446045, 7.8948655128479, -382.6883239746094) (0.0, 0.5768433213233948, 0.0, 0.7071067690849304) 1.2281932830810547
flower_red (33.52513885498047, 7.8948655128479, -306.1814270019531) (0.0, 0.16577181220054626, 0.0, 0.7071067690849304) 0.9862928986549377
flower_red (37.33432388305664, 7.8948655128479, -312.18402099609375) (0.0, 0.4749448895454407, 0.0, 0.7071067690849304) 1.017114520072937
flower_red (31.457155227661133, 7.8948655128479, -421.0173034667969) (0.0, 0.141940638422966, 0.0, 0.7071067690849304) 1.2146337032318115
flower_red (29.000579833984375, 7.8948655128479, -308.57122802734375) (0.0, 0.39343205094337463, 0.0, 0.7071067690849304) 0.6347646713256836
flower_red (31.975210189819336, 7.8948655128479, -311.41192626953125) (0.0, 0.3306688964366913, 0.0, 0.7071067690849304) 1.1078904867172241
flower_red (31.909257888793945, 7.8948655128479, -308.370361328125) (0.0, 0.17248083651065826, 0.0, 0.7071067690849304) 0.8711836338043213
flower_red (33.55956268310547, 7.8948655128479, -326.6759338378906) (0.0, 0.029912292957305908, 0.0, 0.7071067690849304) 0.566988468170166
flower_red (24.182558059692383, 7.8948655128479, -325.0113220214844) (0.0, 0.19504515826702118, 0.0, 0.7071067690849304) 0.9879797697067261
flower_red (30.211299896240234, 7.8948655128479, -324.37701416015625) (0.0, 0.3588302433490753, 0.0, 0.7071067690849304) 1.1120703220367432
flower_red (28.176843643188477, 7.8948655128479, -338.3153991699219) (0.0, 0.45485737919807434, 0.0, 0.7071067690849304) 0.9479441046714783
flower_red (28.03182601928711, 7.8948655128479, -344.11376953125) (0.0, 0.2823368310928345, 0.0, 0.7071067690849304) 0.8353546261787415
flower_red (32.20155715942383, 7.8948655128479, -313.9531555175781) (0.0, 0.2586818337440491, 0.0, 0.7071067690849304) 1.2300204038619995
flower_red (23.23219108581543, 7.8948655128479, -339.35211181640625) (0.0, 0.11336153000593185, 0.0, 0.7071067690849304) 0.7192255258560181
flower_red (18.842130661010742, 7.8948655128479, -346.6488037109375) (0.0, 0.1693440079689026, 0.0, 0.7071067690849304) 0.94914710521698
flower_red (20.473987579345703, 7.8948655128479, -347.09747314453125) (0.0, 0.47599849104881287, 0.0, 0.7071067690849304) 0.8618725538253784
flower_red (35.12889099121094, 7.8948655128479, -418.0203552246094) (0.0, 0.019497131928801537, 0.0, 0.7071067690849304) 0.639876663684845
flower_red (27.45252799987793, 7.8948655128479, -328.768798828125) (0.0, 0.004151464439928532, 0.0, 0.7071067690849304) 0.8053065538406372
flower_red (27.94104766845703, 7.8948655128479, -321.8197326660156) (0.0, 0.2962501049041748, 0.0, 0.7071067690849304) 0.8256844282150269
flower_red (26.20476531982422, 7.8948655128479, -345.9497375488281) (0.0, 0.489624559879303, 0.0, 0.7071067690849304) 1.2487802505493164
flower_red (27.11063575744629, 7.8948655128479, -324.393798828125) (0.0, 0.02225656993687153, 0.0, 0.7071067690849304) 0.5608538389205933
flower_red (3.186553716659546, 7.8948655128479, -366.6809997558594) (0.0, 0.26899221539497375, 0.0, 0.7071067690849304) 1.165013074874878
flower_red (32.215179443359375, 7.8948655128479, -419.37774658203125) (0.0, 0.18268340826034546, 0.0, 0.7071067690849304) 1.1136654615402222
flower_red (28.471410751342773, 7.8948655128479, -333.1944885253906) (0.0, 0.5230260491371155, 0.0, 0.7071067690849304) 0.748224139213562
flower_red (28.806537628173828, 7.8948655128479, -312.7680358886719) (0.0, 0.43759217858314514, 0.0, 0.7071067690849304) 0.7025277018547058
flower_red (23.474782943725586, 7.8948655128479, -314.40447998046875) (0.0, 0.6723488569259644, 0.0, 0.7071067690849304) 1.0473846197128296
flower_red (36.27991485595703, 7.8948655128479, -325.8209228515625) (0.0, 0.609013020992279, 0.0, 0.7071067690849304) 1.0619137287139893
flower_red (19.29277229309082, 7.8948655128479, -344.0949401855469) (0.0, 0.2134658545255661, 0.0, 0.7071067690849304) 1.2078168392181396
flower_red (246.62875366210938, 10.737393379211426, -321.30322265625) (0.0, 0.14864139258861542, 0.0, 0.7071067690849304) 0.7172043919563293
flower_red (29.213905334472656, 7.8948655128479, -334.1365051269531) (0.0, 0.5259705185890198, 0.0, 0.7071067690849304) 0.692118227481842
flower_red (36.52513122558594, 7.8948655128479, -312.7076110839844) (0.0, 0.056360114365816116, 0.0, 0.7071067690849304) 0.9954622983932495
flower_red (36.679386138916016, 7.8948655128479, -307.3540344238281) (0.0, 0.5214510560035706, 0.0, 0.7071067690849304) 0.5694785118103027
flower_red (60.06720733642578, 7.8948655128479, -376.2530822753906) (0.0, 0.01970027945935726, 0.0, 0.7071067690849304) 1.119393229484558
flower_red (32.49692916870117, 7.8948655128479, -318.8221740722656) (0.0, 0.1441524177789688, 0.0, 0.7071067690849304) 0.5726208686828613
flower_red (60.537994384765625, 7.8948655128479, -372.6759338378906) (0.0, 0.02922496199607849, 0.0, 0.7071067690849304) 0.5164554119110107
flower_red (33.370704650878906, 7.8948655128479, -314.2097473144531) (0.0, 0.5923665165901184, 0.0, 0.7071067690849304) 0.7898100018501282
flower_red (19.66002655029297, 7.8948655128479, -344.8426818847656) (0.0, 0.5362725853919983, 0.0, 0.7071067690849304) 0.831418514251709
flower_red (34.30238342285156, 7.8948655128479, -318.7686767578125) (0.0, 0.2990683913230896, 0.0, 0.7071067690849304) 1.1508015394210815
flower_red (38.288055419921875, 7.8948655128479, -318.34552001953125) (0.0, 0.19975069165229797, 0.0, 0.7071067690849304) 0.6662237644195557
flower_red (23.680805206298828, 7.8948655128479, -332.12060546875) (0.0, 0.3595585525035858, 0.0, 0.7071067690849304) 1.1486191749572754
flower_red (27.36112403869629, 7.8948655128479, -350.0269470214844) (0.0, 0.17767669260501862, 0.0, 0.7071067690849304) 1.004751443862915
flower_red (36.96072006225586, 7.8948655128479, -314.2224426269531) (0.0, 0.12012475728988647, 0.0, 0.7071067690849304) 0.8377455472946167
flower_red (32.225341796875, 7.8948655128479, -325.5070495605469) (0.0, 0.4614750146865845, 0.0, 0.7071067690849304) 0.5237075090408325
flower_red (27.759016036987305, 7.8948655128479, -314.0987243652344) (0.0, 0.6104527711868286, 0.0, 0.7071067690849304) 0.7071936726570129
flower_red (27.69160270690918, 7.8948655128479, -318.44903564453125) (0.0, 0.32686641812324524, 0.0, 0.7071067690849304) 0.8825939893722534
flower_red (25.30050277709961, 7.8948655128479, -313.7685546875) (0.0, 0.6223143339157104, 0.0, 0.7071067690849304) 0.8025109767913818
flower_red (30.760229110717773, 7.8948655128479, -322.2833557128906) (0.0, 0.4641312062740326, 0.0, 0.7071067690849304) 1.156982183456421
flower_red (30.1274356842041, 7.8948655128479, -311.5506286621094) (0.0, 0.5023661255836487, 0.0, 0.7071067690849304) 0.9350810050964355
flower_red (35.37559509277344, 7.8948655128479, -318.69061279296875) (0.0, 0.2374773472547531, 0.0, 0.7071067690849304) 0.970956027507782
flower_red (1.1855363845825195, 7.8948655128479, -380.2008056640625) (0.0, 0.3835849463939667, 0.0, 0.7071067690849304) 1.2374149560928345
flower_red (5.156755447387695, 7.8948655128479, -375.05157470703125) (0.0, 0.3854500353336334, 0.0, 0.7071067690849304) 0.7215560674667358
flower_red (28.460948944091797, 7.8948655128479, -337.99200439453125) (0.0, 0.0884842723608017, 0.0, 0.7071067690849304) 1.1066142320632935
flower_red (27.491361618041992, 7.8948655128479, -319.51898193359375) (0.0, 0.5988994836807251, 0.0, 0.7071067690849304) 1.196334719657898
flower_red (187.61422729492188, 8.998037338256836, -323.07421875) (0.0, 0.42966124415397644, 0.0, 0.7071067690849304) 0.7683743238449097
flower_red (22.836477279663086, 7.8948655128479, -323.64056396484375) (0.0, 0.31837019324302673, 0.0, 0.7071067690849304) 0.8025490641593933
flower_red (189.67318725585938, 9.012460708618164, -321.4597473144531) (0.0, 0.04591814801096916, 0.0, 0.7071067690849304) 1.2293511629104614
flower_red (33.54218673706055, 7.8948655128479, -424.8983459472656) (0.0, 0.12451747059822083, 0.0, 0.7071067690849304) 1.193848729133606
flower_red (37.99581527709961, 7.8948655128479, -308.4912109375) (0.0, 0.15793991088867188, 0.0, 0.7071067690849304) 0.7918844223022461
flower_red (31.13919448852539, 7.8948655128479, -312.84588623046875) (0.0, 0.5631194710731506, 0.0, 0.7071067690849304) 0.8779931664466858
flower_red (23.887813568115234, 7.8948655128479, -345.5478210449219) (0.0, 0.557820200920105, 0.0, 0.7071067690849304) 1.1873490810394287
flower_red (248.40989685058594, 10.601826667785645, -321.4208068847656) (0.0, 0.6053705811500549, 0.0, 0.7071067690849304) 0.7828066349029541
flower_red (12.319535255432129, 7.8948655128479, -355.23974609375) (0.0, 0.38562360405921936, 0.0, 0.7071067690849304) 1.046600341796875
flower_red (23.9893798828125, 7.8948655128479, -316.52789306640625) (0.0, 0.22875134646892548, 0.0, 0.7071067690849304) 1.0796895027160645
flower_red (25.55423927307129, 7.8948655128479, -331.472412109375) (0.0, 0.2410462498664856, 0.0, 0.7071067690849304) 1.028536319732666
flower_red (36.885738372802734, 7.8948655128479, -307.2379150390625) (0.0, 0.06888775527477264, 0.0, 0.7071067690849304) 0.8986742496490479
flower_red (247.5703125, 10.669129371643066, -324.90789794921875) (0.0, 0.427166223526001, 0.0, 0.7071067690849304) 1.091791033744812
flower_red (23.369491577148438, 7.8948655128479, -338.86663818359375) (0.0, 0.15117712318897247, 0.0, 0.7071067690849304) 1.0682536363601685
flower_red (9.06318473815918, 7.8948655128479, -386.11383056640625) (0.0, 0.666176438331604, 0.0, 0.7071067690849304) 1.062895655632019
flower_red (33.73649597167969, 7.8948655128479, -310.6346435546875) (0.0, 0.16527271270751953, 0.0, 0.7071067690849304) 0.7194945812225342
flower_red (27.548044204711914, 7.8948655128479, -315.7439270019531) (0.0, 0.3314681947231293, 0.0, 0.7071067690849304) 0.9201331734657288
flower_red (30.678123474121094, 7.8948655128479, -334.1940002441406) (0.0, 0.11391972750425339, 0.0, 0.7071067690849304) 0.7678710222244263
flower_red (33.25110626220703, 7.8948655128479, -310.3571472167969) (0.0, 0.5195968747138977, 0.0, 0.7071067690849304) 1.1878433227539062
flower_red (30.739694595336914, 7.8948655128479, -318.28363037109375) (0.0, 0.09915383160114288, 0.0, 0.7071067690849304) 0.5331565141677856
flower_red (33.355594635009766, 7.8948655128479, -327.74041748046875) (0.0, 0.13867147266864777, 0.0, 0.7071067690849304) 1.180078148841858
flower_red (31.05729866027832, 7.8948655128479, -315.8909606933594) (0.0, 0.5713028907775879, 0.0, 0.7071067690849304) 0.883682370185852
flower_red (34.36431121826172, 7.8948655128479, -316.03204345703125) (0.0, 0.36738815903663635, 0.0, 0.7071067690849304) 0.8439942598342896
flower_red (30.75188446044922, 7.8948655128479, -328.0050048828125) (0.0, 0.5602602362632751, 0.0, 0.7071067690849304) 0.9560672044754028
flower_red (26.46312141418457, 7.8948655128479, -336.64508056640625) (0.0, 0.2465175837278366, 0.0, 0.7071067690849304) 1.246595859527588
flower_red (34.77728271484375, 7.8948655128479, -309.5180969238281) (0.0, 0.4532647430896759, 0.0, 0.7071067690849304) 0.9082272052764893
flower_red (27.258365631103516, 7.8948655128479, -338.71429443359375) (0.0, 0.37758710980415344, 0.0, 0.7071067690849304) 0.7251562476158142
flower_red (243.1213836669922, 10.675569534301758, -324.34130859375) (0.0, 0.21462590992450714, 0.0, 0.7071067690849304) 0.5412278771400452
flower_red (28.094560623168945, 7.8948655128479, -333.6372375488281) (0.0, 0.6305534839630127, 0.0, 0.7071067690849304) 0.9093395471572876
flower_red (29.638051986694336, 7.8948655128479, -316.47967529296875) (0.0, 0.6676933169364929, 0.0, 0.7071067690849304) 0.8142009377479553
flower_red (248.24026489257812, 10.734331130981445, -319.8198547363281) (0.0, 0.16428571939468384, 0.0, 0.7071067690849304) 0.6909523606300354
flower_red (54.10865020751953, 7.8948655128479, -380.81146240234375) (0.0, 0.49020645022392273, 0.0, 0.7071067690849304) 0.8307569622993469
flower_red (23.80189323425293, 7.8948655128479, -346.4242858886719) (0.0, 0.441186785697937, 0.0, 0.7071067690849304) 0.6393675804138184
flower_red (30.079513549804688, 7.8948655128479, -323.29241943359375) (0.0, 0.1704472452402115, 0.0, 0.7071067690849304) 0.6117665767669678
flower_red (33.23992919921875, 7.8948655128479, -324.5966796875) (0.0, 0.13671839237213135, 0.0, 0.7071067690849304) 1.0734059810638428
flower_red (14.421134948730469, 7.8948655128479, -352.19830322265625) (0.0, 0.34983029961586, 0.0, 0.7071067690849304) 0.5756338238716125
flower_red (35.14391326904297, 7.8948655128479, -314.91326904296875) (0.0, 0.01939404010772705, 0.0, 0.7071067690849304) 0.6305772662162781
flower_red (244.4849853515625, 11.014226913452148, -321.26239013671875) (0.0, 0.6115731596946716, 0.0, 0.7071067690849304) 0.9696031808853149
flower_red (248.46812438964844, 10.662961959838867, -324.16729736328125) (0.0, 0.6432770490646362, 0.0, 0.7071067690849304) 1.1699455976486206
flower_red (37.71737289428711, 7.8948655128479, -315.7543029785156) (0.0, 0.16394339501857758, 0.0, 0.7071067690849304) 0.9501904249191284
flower_red (30.331790924072266, 7.8948655128479, -316.4250183105469) (0.0, 0.6811760663986206, 0.0, 0.7071067690849304) 0.626558244228363
flower_red (30.056774139404297, 7.8948655128479, -319.2408447265625) (0.0, 0.4899722635746002, 0.0, 0.7071067690849304) 1.1793773174285889
flower_red (25.299667358398438, 7.8948655128479, -320.2528381347656) (0.0, 0.40474361181259155, 0.0, 0.7071067690849304) 1.1591531038284302
flower_red (22.422195434570312, 7.8948655128479, -334.93505859375) (0.0, 0.412693589925766, 0.0, 0.7071067690849304) 0.9561285972595215
flower_red (32.85354232788086, 7.8948655128479, -325.7817077636719) (0.0, 0.5105711221694946, 0.0, 0.7071067690849304) 0.7483147978782654
flower_red (30.10702133178711, 7.8948655128479, -325.9365539550781) (0.0, 0.6352048516273499, 0.0, 0.7071067690849304) 1.2482936382293701
flower_red (27.729869842529297, 7.8948655128479, -337.31573486328125) (0.0, 0.5095129013061523, 0.0, 0.7071067690849304) 1.0933260917663574
flower_red (60.54949951171875, 7.8948655128479, -378.1382751464844) (0.0, 0.021836871281266212, 0.0, 0.7071067690849304) 1.0098310708999634
flower_red (58.836997985839844, 7.8948655128479, -375.2435607910156) (0.0, 0.11359132081270218, 0.0, 0.7071067690849304) 0.6167864203453064
flower_red (27.18117904663086, 7.8948655128479, -321.5477600097656) (0.0, 0.4956190288066864, 0.0, 0.7071067690849304) 1.178947925567627
flower_red (245.086669921875, 10.621501922607422, -324.1246337890625) (0.0, 0.6205439567565918, 0.0, 0.7071067690849304) 1.050945520401001
flower_red (27.966529846191406, 7.8948655128479, -322.7653503417969) (0.0, 0.5949517488479614, 0.0, 0.7071067690849304) 0.7135878801345825
flower_red (34.62833023071289, 7.8948655128479, -317.5845642089844) (0.0, 0.5888975858688354, 0.0, 0.7071067690849304) 0.5390542149543762
flower_red (100.41582489013672, 7.864474773406982, -405.35125732421875) (0.0, 0.1581655740737915, 0.0, 0.7071067690849304) 0.8527894020080566
flower_red (28.725505828857422, 7.8948655128479, -344.3972473144531) (0.0, 0.6890199780464172, 0.0, 0.7071067690849304) 1.2181892395019531
flower_red (2.0112991333007812, 7.8948655128479, -370.46685791015625) (0.0, 0.653175413608551, 0.0, 0.7071067690849304) 0.6266334056854248
flower_red (27.34473419189453, 7.8948655128479, -421.1531982421875) (0.0, 0.5202444195747375, 0.0, 0.7071067690849304) 0.6717570424079895
flower_red (29.686481475830078, 7.8948655128479, -323.94012451171875) (0.0, 0.608649730682373, 0.0, 0.7071067690849304) 0.6687678098678589
flower_red (13.973355293273926, 7.8948655128479, -352.7615051269531) (0.0, 0.12694630026817322, 0.0, 0.7071067690849304) 0.6216742992401123
flower_red (7.676482200622559, 7.8948655128479, -377.90625) (0.0, 0.23387369513511658, 0.0, 0.7071067690849304) 0.8633016347885132
flower_red (35.45999526977539, 7.8948655128479, -325.1045227050781) (0.0, 0.4975377321243286, 0.0, 0.7071067690849304) 1.1777509450912476
flower_red (26.43236541748047, 7.8948655128479, -329.3495788574219) (0.0, 0.6511476635932922, 0.0, 0.7071067690849304) 1.0300816297531128
flower_red (1.9389688968658447, 7.8948655128479, -367.6927795410156) (0.0, 0.3761557340621948, 0.0, 0.7071067690849304) 0.8318705558776855
flower_red (36.085872650146484, 7.8948655128479, -327.9248352050781) (0.0, 0.10990659147500992, 0.0, 0.7071067690849304) 1.2436047792434692
flower_red (26.621252059936523, 7.8948655128479, -339.420654296875) (0.0, 0.14817196130752563, 0.0, 0.7071067690849304) 0.9776536822319031
flower_red (59.96131896972656, 7.8948655128479, -383.62945556640625) (0.0, 0.5719805955886841, 0.0, 0.7071067690849304) 0.6379770040512085
flower_red (6.512761116027832, 7.8948655128479, -383.6934509277344) (0.0, 0.1574455350637436, 0.0, 0.7071067690849304) 0.7260113954544067
flower_red (33.7613525390625, 7.8948655128479, -320.5833435058594) (0.0, 0.05072946473956108, 0.0, 0.7071067690849304) 1.0823569297790527
flower_red (21.49563980102539, 7.8948655128479, -344.2621765136719) (0.0, 0.1746683418750763, 0.0, 0.7071067690849304) 1.1531683206558228
flower_red (27.551353454589844, 7.8948655128479, -350.2451171875) (0.0, 0.04266534000635147, 0.0, 0.7071067690849304) 1.0395694971084595
flower_red (26.813804626464844, 7.8948655128479, -342.06610107421875) (0.0, 0.579073429107666, 0.0, 0.7071067690849304) 1.2359557151794434
flower_red (26.179134368896484, 7.8948655128479, -336.5115966796875) (0.0, 0.48081502318382263, 0.0, 0.7071067690849304) 0.7244279384613037
flower_red (55.76509094238281, 7.8948655128479, -380.95892333984375) (0.0, 0.20326682925224304, 0.0, 0.7071067690849304) 0.5426114797592163
flower_red (3.6555230617523193, 7.8948655128479, -375.83709716796875) (0.0, 0.032528601586818695, 0.0, 0.7071067690849304) 1.1457548141479492
flower_red (15.227526664733887, 7.8948655128479, -354.3145751953125) (0.0, 0.36226531863212585, 0.0, 0.7071067690849304) 0.7027433514595032
flower_red (27.98166847229004, 7.8948655128479, -341.5871276855469) (0.0, 0.49921002984046936, 0.0, 0.7071067690849304) 1.0751980543136597
flower_red (27.761220932006836, 7.8948655128479, -346.7880554199219) (0.0, 0.30473965406417847, 0.0, 0.7071067690849304) 0.6214542388916016
flower_red (1.706629991531372, 7.8948655128479, -381.6186828613281) (0.0, 0.5851325988769531, 0.0, 0.7071067690849304) 1.1345746517181396
flower_red (21.870731353759766, 7.8948655128479, -344.8856506347656) (0.0, 0.10334441065788269, 0.0, 0.7071067690849304) 0.7770995497703552
flower_red (22.3961181640625, 7.8948655128479, -332.4225769042969) (0.0, 0.3501668870449066, 0.0, 0.7071067690849304) 1.221605896949768
flower_red (24.558156967163086, 7.8948655128479, -328.2891845703125) (0.0, 0.3977825343608856, 0.0, 0.7071067690849304) 0.7982115745544434
flower_red (24.980575561523438, 7.8948655128479, -329.2591552734375) (0.0, 0.49247032403945923, 0.0, 0.7071067690849304) 1.1613532304763794
flower_red (23.33393669128418, 7.8948655128479, -340.1711730957031) (0.0, 0.09971117973327637, 0.0, 0.7071067690849304) 0.90288245677948
flower_red (24.690061569213867, 7.8948655128479, -329.4386901855469) (0.0, 0.4694744050502777, 0.0, 0.7071067690849304) 1.061271071434021
flower_red (7.244080543518066, 7.8948655128479, -387.0896301269531) (0.0, 0.11735714226961136, 0.0, 0.7071067690849304) 1.193324089050293
flower_red (23.0560302734375, 7.8948655128479, -343.3132629394531) (0.0, 0.4497695863246918, 0.0, 0.7071067690849304) 0.9704314470291138
flower_red (6.410092353820801, 7.8948655128479, -383.6670227050781) (0.0, 0.6475265622138977, 0.0, 0.7071067690849304) 1.0865917205810547
flower_red (38.81630325317383, 7.8948655128479, -423.6897277832031) (0.0, 0.11289269477128983, 0.0, 0.7071067690849304) 1.1447999477386475
flower_red (21.489233016967773, 7.8948655128479, -345.1091003417969) (0.0, 0.5810497403144836, 0.0, 0.7071067690849304) 1.0338850021362305
flower_red (5.097568035125732, 7.8948655128479, -380.41412353515625) (0.0, 0.18948860466480255, 0.0, 0.7071067690849304) 0.9540947675704956
flower_red (57.86910629272461, 7.8948655128479, -381.86383056640625) (0.0, 0.2660330832004547, 0.0, 0.7071067690849304) 1.1535810232162476
flower_red (60.22581481933594, 7.8948655128479, -378.98516845703125) (0.0, 0.5107117891311646, 0.0, 0.7071067690849304) 0.9573343992233276
flower_red (37.6871223449707, 7.8948655128479, -419.8782958984375) (0.0, 0.3201364278793335, 0.0, 0.7071067690849304) 0.7410181164741516
flower_red (55.380584716796875, 7.8948655128479, -380.602783203125) (0.0, 0.5129180550575256, 0.0, 0.7071067690849304) 0.7393609285354614
flower_red (14.424234390258789, 7.8948655128479, -354.47711181640625) (0.0, 0.2646527886390686, 0.0, 0.7071067690849304) 0.7925441265106201
flower_red (1.4643967151641846, 7.8948655128479, -379.2632141113281) (0.0, 0.4268063008785248, 0.0, 0.7071067690849304) 0.7398093342781067
flower_red (25.49707794189453, 7.8948655128479, -345.54522705078125) (0.0, 0.48085904121398926, 0.0, 0.7071067690849304) 0.9476000070571899
flower_red (59.269248962402344, 7.8948655128479, -385.0541076660156) (0.0, 0.39256519079208374, 0.0, 0.7071067690849304) 0.9018431901931763
flower_red (0.5199611186981201, 7.8948655128479, -368.0195007324219) (0.0, 0.13664059340953827, 0.0, 0.7071067690849304) 0.722396969795227
flower_red (3.186047077178955, 7.8948655128479, -374.2185363769531) (0.0, 0.5470811724662781, 0.0, 0.7071067690849304) 0.7732653617858887
flower_red (26.9622802734375, 7.8948655128479, -346.8332824707031) (0.0, 0.09610770642757416, 0.0, 0.7071067690849304) 0.8018804788589478
flower_red (5.9106645584106445, 7.8948655128479, -377.4140625) (0.0, 0.3086625337600708, 0.0, 0.7071067690849304) 1.209402084350586
flower_red (16.919166564941406, 7.8948655128479, -352.96966552734375) (0.0, 0.432009756565094, 0.0, 0.7071067690849304) 0.6766539812088013
flower_red (61.055572509765625, 7.8948655128479, -383.42529296875) (0.0, 0.6910836100578308, 0.0, 0.7071067690849304) 1.1464729309082031
flower_red (24.563133239746094, 7.8948655128479, -344.0558166503906) (0.0, 0.6967520713806152, 0.0, 0.7071067690849304) 0.7337508201599121
flower_red (19.117801666259766, 7.8948655128479, -346.9747314453125) (0.0, 0.31597137451171875, 0.0, 0.7071067690849304) 1.1733280420303345
flower_red (8.194356918334961, 7.8948655128479, -385.4565734863281) (0.0, 0.15915121138095856, 0.0, 0.7071067690849304) 0.6919282674789429
flower_red (28.598934173583984, 7.8948655128479, -424.3835754394531) (0.0, 0.1348765790462494, 0.0, 0.7071067690849304) 0.6969337463378906
flower_red (4.161357879638672, 7.8948655128479, -374.7308044433594) (0.0, 0.0636419951915741, 0.0, 0.7071067690849304) 0.6640625
flower_red (26.381641387939453, 7.8948655128479, -407.34710693359375) (0.0, 0.0256643109023571, 0.0, 0.7071067690849304) 0.7430957555770874
flower_red (28.388351440429688, 7.8948655128479, -411.98016357421875) (0.0, 0.36849385499954224, 0.0, 0.7071067690849304) 1.1696020364761353
flower_red (25.48980712890625, 7.8948655128479, -410.9584045410156) (0.0, 0.0873771607875824, 0.0, 0.7071067690849304) 1.08230721950531
flower_red (17.069995880126953, 7.8948655128479, -351.66998291015625) (0.0, 0.06178323179483414, 0.0, 0.7071067690849304) 1.0777268409729004
flower_red (7.79244327545166, 7.8948655128479, -378.2543029785156) (0.0, 0.08551207929849625, 0.0, 0.7071067690849304) 1.1164898872375488
flower_red (29.061168670654297, 7.8948655128479, -414.9515075683594) (0.0, 0.13567011058330536, 0.0, 0.7071067690849304) 1.1849205493927002
flower_red (11.476367950439453, 7.8948655128479, -357.3220520019531) (0.0, 0.10904990881681442, 0.0, 0.7071067690849304) 0.8327140808105469
flower_red (14.429926872253418, 7.8948655128479, -354.25079345703125) (0.0, 0.19410797953605652, 0.0, 0.7071067690849304) 0.5401324033737183
flower_red (7.424652576446533, 7.8948655128479, -374.2166748046875) (0.0, 0.128363698720932, 0.0, 0.7071067690849304) 0.5840753316879272
flower_red (39.48271179199219, 7.8948655128479, -420.4388122558594) (0.0, 0.42314761877059937, 0.0, 0.7071067690849304) 0.5619329214096069
flower_red (1.9430220127105713, 7.8948655128479, -373.6097717285156) (0.0, 0.2690557837486267, 0.0, 0.7071067690849304) 1.2169163227081299
flower_red (26.29581069946289, 7.8948655128479, -416.2098083496094) (0.0, 0.6253677010536194, 0.0, 0.7071067690849304) 0.7094717025756836
flower_red (4.815250396728516, 7.8948655128479, -373.892333984375) (0.0, 0.1400640904903412, 0.0, 0.7071067690849304) 1.0580260753631592
flower_red (6.401926040649414, 7.8948655128479, -382.568359375) (0.0, 0.029683012515306473, 0.0, 0.7071067690849304) 0.9204286336898804
flower_red (0.895768404006958, 7.8948655128479, -376.76556396484375) (0.0, 0.44342783093452454, 0.0, 0.7071067690849304) 0.6890956163406372
flower_red (98.81678009033203, 7.875944137573242, -404.0176086425781) (0.0, 0.4111078679561615, 0.0, 0.7071067690849304) 0.6331629157066345
flower_red (0.7173717021942139, 7.8948655128479, -369.8900146484375) (0.0, 0.6278810501098633, 0.0, 0.7071067690849304) 1.1244864463806152
flower_red (2.260446548461914, 7.8948655128479, -369.7796936035156) (0.0, 0.2366461157798767, 0.0, 0.7071067690849304) 1.236015796661377
flower_red (5.393862724304199, 7.8948655128479, -374.0316162109375) (0.0, 0.44543755054473877, 0.0, 0.7071067690849304) 0.8915519118309021
flower_red (55.17977523803711, 7.8948655128479, -381.565185546875) (0.0, 0.2830263674259186, 0.0, 0.7071067690849304) 1.1964612007141113
flower_red (58.17314910888672, 7.8948655128479, -379.98974609375) (0.0, 0.2162012755870819, 0.0, 0.7071067690849304) 0.8322145938873291
flower_red (28.72028923034668, 7.8948655128479, -411.0536193847656) (0.0, 0.20265351235866547, 0.0, 0.7071067690849304) 0.9910894632339478
flower_red (5.000561714172363, 7.8948655128479, -382.77850341796875) (0.0, 0.5573538541793823, 0.0, 0.7071067690849304) 0.843451738357544
flower_red (7.941454887390137, 7.8948655128479, -384.1957092285156) (0.0, 0.37923187017440796, 0.0, 0.7071067690849304) 1.1447081565856934
flower_red (0.5615055561065674, 7.8948655128479, -381.22406005859375) (0.0, 0.618974506855011, 0.0, 0.7071067690849304) 1.1847134828567505
flower_red (0.8342862129211426, 7.8948655128479, -379.9908142089844) (0.0, 0.2416718751192093, 0.0, 0.7071067690849304) 0.6216402053833008
flower_red (60.18793487548828, 7.8948655128479, -374.8266296386719) (0.0, 0.4766514301300049, 0.0, 0.7071067690849304) 0.9996461868286133
flower_red (60.16987609863281, 7.8948655128479, -374.5990905761719) (0.0, 0.084654301404953, 0.0, 0.7071067690849304) 0.6830623745918274
flower_red (53.13432312011719, 7.8948655128479, -377.78369140625) (0.0, 0.450373113155365, 0.0, 0.7071067690849304) 0.9774097800254822
flower_red (40.08430099487305, 7.8948655128479, -426.6123962402344) (0.0, 0.18445433676242828, 0.0, 0.7071067690849304) 0.5157314538955688
flower_red (4.364430904388428, 7.8948655128479, -369.7669982910156) (0.0, 0.18562744557857513, 0.0, 0.7071067690849304) 1.238449215888977
flower_red (100.96829986572266, 7.862746715545654, -405.0237121582031) (0.0, 0.2161715179681778, 0.0, 0.7071067690849304) 0.8821901082992554
flower_red (59.27962112426758, 7.8948655128479, -382.1726379394531) (0.0, 0.42256733775138855, 0.0, 0.7071067690849304) 0.9161200523376465
flower_red (2.993643283843994, 7.8948655128479, -380.9415588378906) (0.0, 0.29625388979911804, 0.0, 0.7071067690849304) 1.0826947689056396
flower_red (7.04219913482666, 7.8948655128479, -382.7148742675781) (0.0, 0.23098377883434296, 0.0, 0.7071067690849304) 0.712838888168335
flower_red (60.2602653503418, 7.8948655128479, -379.41339111328125) (0.0, 0.6633216142654419, 0.0, 0.7071067690849304) 0.6716082096099854
flower_red (1.7056763172149658, 7.8948655128479, -370.07586669921875) (0.0, 0.5680429935455322, 0.0, 0.7071067690849304) 0.647229790687561
flower_red (2.287566661834717, 7.8948655128479, -368.28985595703125) (0.0, 0.4962453246116638, 0.0, 0.7071067690849304) 0.9645203351974487
flower_red (3.4100711345672607, 7.8948655128479, -368.5472106933594) (0.0, 0.11942267417907715, 0.0, 0.7071067690849304) 0.6197166442871094
flower_red (59.50242233276367, 7.8948655128479, -380.6216125488281) (0.0, 0.2912132143974304, 0.0, 0.7071067690849304) 1.076481580734253
flower_red (37.10597610473633, 7.8948655128479, -426.04095458984375) (0.0, 0.21470767259597778, 0.0, 0.7071067690849304) 0.9350712895393372
flower_red (3.872036933898926, 7.8948655128479, -379.89666748046875) (0.0, 0.4287275969982147, 0.0, 0.7071067690849304) 0.926312267780304
flower_red (0.36793947219848633, 7.8948655128479, -376.5436096191406) (0.0, 0.3730315566062927, 0.0, 0.7071067690849304) 0.9320970773696899
flower_red (0.5518794059753418, 7.8948655128479, -382.84344482421875) (0.0, 0.24662236869335175, 0.0, 0.7071067690849304) 0.6496646404266357
flower_red (24.643062591552734, 7.8948655128479, -413.3927001953125) (0.0, 0.5467337965965271, 0.0, 0.7071067690849304) 0.7855167388916016
flower_red (58.23802947998047, 7.8948655128479, -377.9969177246094) (0.0, 0.603023886680603, 0.0, 0.7071067690849304) 0.6910575032234192
flower_red (99.81903076171875, 7.868367671966553, -405.15081787109375) (0.0, 0.4364071786403656, 0.0, 0.7071067690849304) 0.7298275232315063
flower_red (57.98032760620117, 7.8948655128479, -379.16119384765625) (0.0, 0.5485795736312866, 0.0, 0.7071067690849304) 0.5559877157211304
flower_red (58.239967346191406, 7.8948655128479, -375.7425231933594) (0.0, 0.5548710227012634, 0.0, 0.7071067690849304) 0.684605598449707
flower_red (54.26871871948242, 7.8948655128479, -381.1842346191406) (0.0, 0.3147304952144623, 0.0, 0.7071067690849304) 0.8408709764480591
flower_red (1.6006827354431152, 7.8948655128479, -384.0350646972656) (0.0, 0.6264876127243042, 0.0, 0.7071067690849304) 1.074526071548462
flower_red (35.57473373413086, 7.8948655128479, -415.36962890625) (0.0, 0.6057231426239014, 0.0, 0.7071067690849304) 0.5780816078186035
flower_red (24.429828643798828, 7.8948655128479, -410.3088073730469) (0.0, 0.23538930714130402, 0.0, 0.7071067690849304) 1.2036030292510986
flower_red (1.7150640487670898, 7.8948655128479, -382.12982177734375) (0.0, 0.5413556694984436, 0.0, 0.7071067690849304) 0.8246756792068481
flower_red (6.036371231079102, 7.8948655128479, -376.02642822265625) (0.0, 0.66875159740448, 0.0, 0.7071067690849304) 0.6532819867134094
flower_red (7.283717155456543, 7.8948655128479, -385.73284912109375) (0.0, 0.5635043382644653, 0.0, 0.7071067690849304) 1.0698267221450806
flower_red (35.0665168762207, 7.8948655128479, -414.2950744628906) (0.0, 0.04323819652199745, 0.0, 0.7071067690849304) 0.7263950109481812
flower_red (59.64839553833008, 7.8948655128479, -377.10394287109375) (0.0, 0.14021573960781097, 0.0, 0.7071067690849304) 1.2324268817901611
flower_red (8.276015281677246, 7.8948655128479, -386.6789855957031) (0.0, 0.6344743371009827, 0.0, 0.7071067690849304) 0.782681941986084
flower_red (9.400785446166992, 7.8948655128479, -383.478271484375) (0.0, 0.13743041455745697, 0.0, 0.7071067690849304) 0.9655629992485046
flower_red (6.488382816314697, 7.8948655128479, -386.9035949707031) (0.0, 0.2797744870185852, 0.0, 0.7071067690849304) 0.669547438621521
flower_red (58.21812057495117, 7.8948655128479, -380.2523193359375) (0.0, 0.01728340983390808, 0.0, 0.7071067690849304) 0.5919450521469116
flower_red (37.87797546386719, 7.8948655128479, -414.3768005371094) (0.0, 0.6668508052825928, 0.0, 0.7071067690849304) 0.903073251247406
flower_red (60.00214767456055, 7.8948655128479, -384.982421875) (0.0, 0.5973168611526489, 0.0, 0.7071067690849304) 0.9225103855133057
flower_red (59.157073974609375, 7.8948655128479, -385.6960754394531) (0.0, 0.18143931031227112, 0.0, 0.7071067690849304) 0.7628662586212158
flower_red (10.425626754760742, 7.8948655128479, -383.1766052246094) (0.0, 0.3414621353149414, 0.0, 0.7071067690849304) 1.1596343517303467
flower_red (27.328401565551758, 7.8948655128479, -411.878173828125) (0.0, 0.676724374294281, 0.0, 0.7071067690849304) 0.893311083316803
flower_red (30.546157836914062, 7.8948655128479, -425.466552734375) (0.0, 0.07278162240982056, 0.0, 0.7071067690849304) 0.5462400317192078
flower_red (28.59133529663086, 7.8948655128479, -421.7398681640625) (0.0, 0.6498353481292725, 0.0, 0.7071067690849304) 1.2289924621582031
flower_red (30.83386993408203, 7.8948655128479, -418.2428283691406) (0.0, 0.6526737213134766, 0.0, 0.7071067690849304) 1.2256919145584106
flower_red (6.120234489440918, 7.8948655128479, -386.6200866699219) (0.0, 0.4130801558494568, 0.0, 0.7071067690849304) 0.6696174144744873
flower_red (25.44176483154297, 7.8948655128479, -411.2900390625) (0.0, 0.11311202496290207, 0.0, 0.7071067690849304) 1.1626129150390625
flower_red (61.22311782836914, 7.8948655128479, -385.2170104980469) (0.0, 0.3971714973449707, 0.0, 0.7071067690849304) 0.8190144300460815
flower_red (27.8742618560791, 7.8948655128479, -412.1942443847656) (0.0, 0.6343713998794556, 0.0, 0.7071067690849304) 0.9633853435516357
flower_red (6.6610870361328125, 7.8948655128479, -386.8837890625) (0.0, 0.4002222418785095, 0.0, 0.7071067690849304) 0.9054171442985535
flower_red (7.0473551750183105, 7.8948655128479, -384.0451354980469) (0.0, 0.6649078130722046, 0.0, 0.7071067690849304) 1.2207567691802979
flower_red (97.22748565673828, 7.884533882141113, -402.06915283203125) (0.0, 0.5923330783843994, 0.0, 0.7071067690849304) 1.1646273136138916
flower_red (22.00514030456543, 7.8948655128479, -411.5571594238281) (0.0, 0.5748212933540344, 0.0, 0.7071067690849304) 1.1726593971252441
flower_red (6.984233856201172, 7.8948655128479, -385.9601135253906) (0.0, 0.22608791291713715, 0.0, 0.7071067690849304) 1.2124121189117432
flower_red (35.675018310546875, 7.8948655128479, -424.9203186035156) (0.0, 0.3681372106075287, 0.0, 0.7071067690849304) 0.757172703742981
flower_red (37.75617599487305, 7.8948655128479, -416.4231872558594) (0.0, 0.17561841011047363, 0.0, 0.7071067690849304) 0.8111070990562439
flower_red (29.755861282348633, 7.8948655128479, -411.7518615722656) (0.0, 0.10458090901374817, 0.0, 0.7071067690849304) 0.9479695558547974
flower_red (26.886642456054688, 7.8948655128479, -422.75018310546875) (0.0, 0.45031994581222534, 0.0, 0.7071067690849304) 0.8776304721832275
flower_red (38.28749084472656, 7.8948655128479, -415.8440246582031) (0.0, 0.3648965358734131, 0.0, 0.7071067690849304) 1.0586843490600586
flower_red (32.05108642578125, 7.8948655128479, -424.8885192871094) (0.0, 0.6587015986442566, 0.0, 0.7071067690849304) 1.0710657835006714
flower_red (36.760746002197266, 7.8948655128479, -431.3263854980469) (0.0, 0.4619119167327881, 0.0, 0.7071067690849304) 0.6105524301528931
flower_red (24.01915168762207, 7.8948655128479, -320.1493835449219) (0.0, 0.6557368636131287, 0.0, 0.7071067690849304) 0.8596936464309692
flower_red (33.845157623291016, 7.8948655128479, -422.8121643066406) (0.0, 0.052473582327365875, 0.0, 0.7071067690849304) 0.7317390441894531
flower_red (29.644309997558594, 7.8948655128479, -410.8935852050781) (0.0, 0.16619783639907837, 0.0, 0.7071067690849304) 0.8255205154418945
flower_red (27.82508659362793, 7.8948655128479, -413.1322021484375) (0.0, 0.21933548152446747, 0.0, 0.7071067690849304) 0.6701419353485107
flower_red (29.917150497436523, 7.8948655128479, -423.334228515625) (0.0, 0.6787256598472595, 0.0, 0.7071067690849304) 0.6912860870361328
flower_red (28.53605079650879, 7.8948655128479, -408.1540832519531) (0.0, 0.48256734013557434, 0.0, 0.7071067690849304) 1.003308653831482
flower_red (31.929523468017578, 7.8948655128479, -415.963623046875) (0.0, 0.46681520342826843, 0.0, 0.7071067690849304) 0.8308385610580444
flower_red (27.742237091064453, 7.8948655128479, -407.656982421875) (0.0, 0.4442577064037323, 0.0, 0.7071067690849304) 0.8042044639587402
flower_red (28.87505340576172, 7.8948655128479, -419.95489501953125) (0.0, 0.5296383500099182, 0.0, 0.7071067690849304) 1.2446907758712769
flower_red (32.31939697265625, 7.8948655128479, -418.0068359375) (0.0, 0.669459879398346, 0.0, 0.7071067690849304) 1.2104079723358154
flower_red (36.326080322265625, 7.8948655128479, -421.12200927734375) (0.0, 0.34369540214538574, 0.0, 0.7071067690849304) 1.1592769622802734
flower_red (25.437503814697266, 7.8948655128479, -408.23370361328125) (0.0, 0.3868643045425415, 0.0, 0.7071067690849304) 1.133880853652954
flower_red (40.057926177978516, 7.8948655128479, -417.8843078613281) (0.0, 0.09904956072568893, 0.0, 0.7071067690849304) 0.6943753957748413
flower_red (28.738468170166016, 7.8948655128479, -412.7477111816406) (0.0, 0.1494489312171936, 0.0, 0.7071067690849304) 1.207871675491333
flower_red (32.45258331298828, 7.8948655128479, -429.2655029296875) (0.0, 0.46572384238243103, 0.0, 0.7071067690849304) 0.9668188095092773
flower_red (38.09931945800781, 7.8948655128479, -415.1910095214844) (0.0, 0.11093749850988388, 0.0, 0.7071067690849304) 0.7683205008506775
flower_red (33.39821243286133, 7.8948655128479, -416.02392578125) (0.0, 0.5676583051681519, 0.0, 0.7071067690849304) 0.8276379108428955
flower_red (32.5223503112793, 7.8948655128479, -414.6659240722656) (0.0, 0.5217169523239136, 0.0, 0.7071067690849304) 1.0176575183868408
flower_red (40.944576263427734, 7.8948655128479, -424.15069580078125) (0.0, 0.06285839527845383, 0.0, 0.7071067690849304) 0.6277594566345215
flower_red (23.644298553466797, 7.8948655128479, -415.4843444824219) (0.0, 0.5140644311904907, 0.0, 0.7071067690849304) 0.9965208768844604
flower_red (29.875516891479492, 7.8948655128479, -425.4269714355469) (0.0, 0.16983704268932343, 0.0, 0.7071067690849304) 0.6035420894622803
flower_red (37.00819778442383, 7.8948655128479, -415.0804748535156) (0.0, 0.2055269181728363, 0.0, 0.7071067690849304) 0.8450661897659302
flower_red (24.28126335144043, 7.8948655128479, -411.8106689453125) (0.0, 0.63438880443573, 0.0, 0.7071067690849304) 0.8746763467788696
flower_red (28.956830978393555, 7.8948655128479, -422.3542175292969) (0.0, 0.5673262476921082, 0.0, 0.7071067690849304) 1.0485751628875732
flower_red (35.17550277709961, 7.8948655128479, -413.87890625) (0.0, 0.4865608215332031, 0.0, 0.7071067690849304) 0.6661586761474609
flower_red (29.77684211730957, 7.8948655128479, -411.8669128417969) (0.0, 0.21628236770629883, 0.0, 0.7071067690849304) 1.2360559701919556
flower_red (25.741159439086914, 7.8948655128479, -413.2410583496094) (0.0, 0.16713155806064606, 0.0, 0.7071067690849304) 0.6596141457557678
flower_red (25.888442993164062, 7.8948655128479, -410.54486083984375) (0.0, 0.4644382894039154, 0.0, 0.7071067690849304) 0.9288972020149231
flower_red (21.332948684692383, 7.8948655128479, -411.2264404296875) (0.0, 0.6795750856399536, 0.0, 0.7071067690849304) 0.5684305429458618
flower_red (27.507007598876953, 7.8948655128479, -409.8558349609375) (0.0, 0.6620261669158936, 0.0, 0.7071067690849304) 1.037822961807251
flower_red (28.488248825073242, 7.8948655128479, -413.6470031738281) (0.0, 0.5750792622566223, 0.0, 0.7071067690849304) 1.013873815536499
flower_red (26.576757431030273, 7.8948655128479, -416.952392578125) (0.0, 0.051397744566202164, 0.0, 0.7071067690849304) 0.8540327548980713
flower_red (23.425996780395508, 7.8948655128479, -410.6346435546875) (0.0, 0.37722691893577576, 0.0, 0.7071067690849304) 1.129996657371521
flower_red (39.33024597167969, 7.8948655128479, -422.8439636230469) (0.0, 0.37001097202301025, 0.0, 0.7071067690849304) 0.9304600954055786
flower_red (30.421554565429688, 7.8948655128479, -414.88958740234375) (0.0, 0.511009693145752, 0.0, 0.7071067690849304) 0.8952381610870361
flower_red (34.80729293823242, 7.8948655128479, -428.68841552734375) (0.0, 0.1910015046596527, 0.0, 0.7071067690849304) 1.05177903175354
flower_red (41.266204833984375, 7.8948655128479, -421.1081848144531) (0.0, 0.06835662573575974, 0.0, 0.7071067690849304) 1.009270429611206
flower_red (30.446231842041016, 7.8948655128479, -414.94000244140625) (0.0, 0.23113946616649628, 0.0, 0.7071067690849304) 1.115877628326416
flower_red (27.283370971679688, 7.8948655128479, -424.5679016113281) (0.0, 0.501262903213501, 0.0, 0.7071067690849304) 0.8091372847557068
flower_red (36.76846694946289, 7.8948655128479, -421.3604431152344) (0.0, 0.6154923439025879, 0.0, 0.7071067690849304) 0.6861355304718018
flower_red (41.82917022705078, 7.8948655128479, -417.7638854980469) (0.0, 0.2068086862564087, 0.0, 0.7071067690849304) 0.8386625051498413
flower_red (32.450260162353516, 7.8948655128479, -429.3130187988281) (0.0, 0.4061046838760376, 0.0, 0.7071067690849304) 1.068048357963562
flower_red (25.407642364501953, 7.8948655128479, -422.263916015625) (0.0, 0.6268040537834167, 0.0, 0.7071067690849304) 0.523618221282959
flower_red (29.628246307373047, 7.8948655128479, -420.552001953125) (0.0, 0.39179137349128723, 0.0, 0.7071067690849304) 0.7716859579086304
flower_red (33.42884826660156, 7.8948655128479, -423.20965576171875) (0.0, 0.45333343744277954, 0.0, 0.7071067690849304) 0.648506760597229
flower_red (40.37406921386719, 7.8948655128479, -425.966796875) (0.0, 0.6146315932273865, 0.0, 0.7071067690849304) 0.9029324054718018
flower_red (37.70282745361328, 7.8948655128479, -422.36749267578125) (0.0, 0.027985844761133194, 0.0, 0.7071067690849304) 1.1443145275115967
flower_red (30.700355529785156, 7.8948655128479, -428.9822082519531) (0.0, 0.3811361491680145, 0.0, 0.7071067690849304) 1.2017658948898315
flower_red (22.64639663696289, 7.8948655128479, -422.60986328125) (0.0, 0.5769059658050537, 0.0, 0.7071067690849304) 1.0498831272125244
flower_red (29.889434814453125, 7.8948655128479, -416.2513122558594) (0.0, 0.09097026288509369, 0.0, 0.7071067690849304) 1.1902143955230713
flower_red (31.419307708740234, 7.8948655128479, -421.9218444824219) (0.0, 0.22938312590122223, 0.0, 0.7071067690849304) 1.0411479473114014
flower_red (32.41273880004883, 7.8948655128479, -419.9918518066406) (0.0, 0.5048770308494568, 0.0, 0.7071067690849304) 1.0043506622314453
flower_red (34.32795333862305, 7.8948655128479, -429.6698913574219) (0.0, 0.07225706428289413, 0.0, 0.7071067690849304) 0.6011030077934265
flower_red (29.312580108642578, 7.8948655128479, -419.9739074707031) (0.0, 0.46860045194625854, 0.0, 0.7071067690849304) 0.8741658926010132
flower_red (39.84659957885742, 7.8948655128479, -423.72149658203125) (0.0, 0.2736934423446655, 0.0, 0.7071067690849304) 1.2073168754577637
flower_red (38.54429626464844, 7.8948655128479, -416.77972412109375) (0.0, 0.1956845223903656, 0.0, 0.7071067690849304) 0.9679915904998779
flower_red (28.518468856811523, 7.8948655128479, -424.6758117675781) (0.0, 0.2027595490217209, 0.0, 0.7071067690849304) 1.1506779193878174
flower_red (30.411958694458008, 7.8948655128479, -417.5386657714844) (0.0, 0.18606974184513092, 0.0, 0.7071067690849304) 1.13277268409729
flower_red (33.36262512207031, 7.8948655128479, -426.5866394042969) (0.0, 0.5630655884742737, 0.0, 0.7071067690849304) 0.8503760695457458
flower_red (25.37566375732422, 7.8948655128479, -415.76983642578125) (0.0, 0.5260598659515381, 0.0, 0.7071067690849304) 0.6350515484809875
flower_red (27.423084259033203, 7.8948655128479, -424.66827392578125) (0.0, 0.3410589396953583, 0.0, 0.7071067690849304) 1.2247354984283447
flower_red (31.5946044921875, 7.8948655128479, -414.7832946777344) (0.0, 0.5498594045639038, 0.0, 0.7071067690849304) 0.8236117362976074
flower_red (35.70526885986328, 7.8948655128479, -414.5323181152344) (0.0, 0.11197928339242935, 0.0, 0.7071067690849304) 1.1777429580688477
flower_red (30.57566261291504, 7.8948655128479, -429.4855651855469) (0.0, 0.2722543179988861, 0.0, 0.7071067690849304) 0.6629690527915955
flower_red (39.580345153808594, 7.8948655128479, -419.476318359375) (0.0, 0.29697385430336, 0.0, 0.7071067690849304) 1.1090322732925415
flower_red (40.298194885253906, 7.8948655128479, -421.10577392578125) (0.0, 0.5282266139984131, 0.0, 0.7071067690849304) 0.9579137563705444
flower_red (27.695476531982422, 7.8948655128479, -424.1364440917969) (0.0, 0.401316374540329, 0.0, 0.7071067690849304) 0.8890655040740967
flower_red (34.07851028442383, 7.8948655128479, -422.69012451171875) (0.0, 0.19259247183799744, 0.0, 0.7071067690849304) 0.8038593530654907
flower_red (40.135948181152344, 7.8948655128479, -414.1655578613281) (0.0, 0.6442489624023438, 0.0, 0.7071067690849304) 0.8330656290054321
flower_red (27.496337890625, 7.8948655128479, -420.3349914550781) (0.0, 0.5072800517082214, 0.0, 0.7071067690849304) 0.8074649572372437
flower_red (32.49251937866211, 7.8948655128479, -428.5785217285156) (0.0, 0.455356240272522, 0.0, 0.7071067690849304) 1.1609902381896973
flower_red (27.917713165283203, 7.8948655128479, -425.65130615234375) (0.0, 0.5702548027038574, 0.0, 0.7071067690849304) 0.9964441657066345
flower_red (40.13520431518555, 7.8948655128479, -424.64459228515625) (0.0, 0.5165290832519531, 0.0, 0.7071067690849304) 0.8882709741592407
flower_red (29.300033569335938, 7.8948655128479, -426.1771545410156) (0.0, 0.37898722290992737, 0.0, 0.7071067690849304) 0.5882011651992798
flower_red (29.754846572875977, 7.8948655128479, -423.87945556640625) (0.0, 0.09586098045110703, 0.0, 0.7071067690849304) 1.2272686958312988
flower_red (30.50556755065918, 7.8948655128479, -423.2785339355469) (0.0, 0.07407089322805405, 0.0, 0.7071067690849304) 0.9940750598907471
flower_red (40.76716232299805, 7.8948655128479, -423.45831298828125) (0.0, 0.33440515398979187, 0.0, 0.7071067690849304) 1.1370047330856323
flower_red (21.812528610229492, 7.8948655128479, -422.1672058105469) (0.0, 0.06539260596036911, 0.0, 0.7071067690849304) 1.24793541431427
flower_red (38.64318084716797, 7.8948655128479, -424.4346618652344) (0.0, 0.706763505935669, 0.0, 0.7071067690849304) 0.7187411785125732
flower_red (39.27907180786133, 7.8948655128479, -425.5229187011719) (0.0, 0.1598414182662964, 0.0, 0.7071067690849304) 1.0375698804855347
flower_red (31.757265090942383, 7.8948655128479, -427.4053649902344) (0.0, 0.584632158279419, 0.0, 0.7071067690849304) 0.9379189014434814
flower_red (35.77259063720703, 7.8948655128479, -429.32977294921875) (0.0, 0.028171122074127197, 0.0, 0.7071067690849304) 0.6787384748458862
flower_red (30.68134117126465, 7.8948655128479, -428.534912109375) (0.0, 0.2679383158683777, 0.0, 0.7071067690849304) 0.9993644952774048
flower_red (25.06837272644043, 7.8948655128479, -422.01470947265625) (0.0, 0.20900756120681763, 0.0, 0.7071067690849304) 0.5563555359840393
flower_red (39.736209869384766, 7.8948655128479, -423.2887268066406) (0.0, 0.2100827395915985, 0.0, 0.7071067690849304) 0.7933511734008789
flower_red (38.98406219482422, 7.8948655128479, -428.9351501464844) (0.0, 0.3123038411140442, 0.0, 0.7071067690849304) 0.7241151928901672
flower_red (39.427757263183594, 7.8948655128479, -428.2823791503906) (0.0, 0.09251764416694641, 0.0, 0.7071067690849304) 1.0786628723144531
flower_red (30.822158813476562, 7.8948655128479, -427.96563720703125) (0.0, 0.4243386685848236, 0.0, 0.7071067690849304) 0.7054426670074463
flower_red (40.539772033691406, 7.8948655128479, -427.4681091308594) (0.0, 0.29608818888664246, 0.0, 0.7071067690849304) 1.0512373447418213
flower_red (38.99919891357422, 7.8948655128479, -429.7388610839844) (0.0, 0.4690617024898529, 0.0, 0.7071067690849304) 0.8927196264266968
flower_red (33.634395599365234, 7.8948655128479, -429.8640441894531) (0.0, 0.6966513395309448, 0.0, 0.7071067690849304) 1.154082179069519
flower_red (30.819475173950195, 7.8948655128479, -431.7933654785156) (0.0, 0.6659875512123108, 0.0, 0.7071067690849304) 0.685114860534668
flower_red (36.82309341430664, 7.8948655128479, -430.3464660644531) (0.0, 0.14376315474510193, 0.0, 0.7071067690849304) 0.8932839035987854
