flower_red (-310.8040771484375, 7.8948655128479, -128.3837890625) (0.0, 0.09844972938299179, 0.0, 0.7071067690849304) 0.7872365117073059
flower_red (-318.65191650390625, 7.8948655128479, -153.55223083496094) (0.0, 0.04956958070397377, 0.0, 0.7071067690849304) 1.032843828201294
flower_red (-258.7412109375, 7.935750961303711, -112.13603973388672) (0.0, 0.2509574294090271, 0.0, 0.7071067690849304) 1.0025784969329834
flower_red (-313.0030517578125, 7.8948655128479, -148.88394165039062) (0.0, 0.4254187345504761, 0.0, 0.7071067690849304) 1.142407774925232
flower_red (-305.5380554199219, 7.8948655128479, -128.0967559814453) (0.0, 0.46828392148017883, 0.0, 0.7071067690849304) 0.5210143327713013
flower_red (-265.64520263671875, 7.919696807861328, -114.37779998779297) (0.0, 0.1445053517818451, 0.0, 0.7071067690849304) 0.7466892004013062
flower_red (-262.6097717285156, 7.917933940887451, -122.07087707519531) (0.0, 0.36023736000061035, 0.0, 0.7071067690849304) 1.1973344087600708
flower_red (-259.3704528808594, 7.8948655128479, -101.03514862060547) (0.0, 0.20052450895309448, 0.0, 0.7071067690849304) 0.5397355556488037
flower_red (-305.6419982910156, 7.906627655029297, -121.20154571533203) (0.0, 0.3881692588329315, 0.0, 0.7071067690849304) 0.6293653249740601
flower_red (-265.9954528808594, 7.927977561950684, -116.82835388183594) (0.0, 0.3542449176311493, 0.0, 0.7071067690849304) 0.8454616069793701
flower_red (-319.7104797363281, 7.8948655128479, -154.12351989746094) (0.0, 0.20619021356105804, 0.0, 0.7071067690849304) 0.7887403964996338
flower_red (-260.8763122558594, 7.8948655128479, -98.48877716064453) (0.0, 0.3901684582233429, 0.0, 0.7071067690849304) 0.7991823554039001
flower_red (-312.24884033203125, 7.907186985015869, -117.37203979492188) (0.0, 0.1920827478170395, 0.0, 0.7071067690849304) 0.9842936992645264
flower_red (-304.3177185058594, 7.8948655128479, -133.37767028808594) (0.0, 0.5976911783218384, 0.0, 0.7071067690849304) 0.5411347150802612
flower_red (-317.9521484375, 7.8948655128479, -145.5594940185547) (0.0, 0.4901430606842041, 0.0, 0.7071067690849304) 1.0727719068527222
flower_red (-300.1834716796875, 7.918516635894775, -118.3914566040039) (0.0, 0.07577286660671234, 0.0, 0.7071067690849304) 0.9917614459991455
flower_red (-263.7330322265625, 7.8948655128479, -100.87442016601562) (0.0, 0.34349527955055237, 0.0, 0.7071067690849304) 1.0758569240570068
flower_red (-311.25958251953125, 7.8948655128479, -130.6837158203125) (0.0, 0.3254989981651306, 0.0, 0.7071067690849304) 0.7137450575828552
flower_red (-306.7220458984375, 7.8948655128479, -138.0331268310547) (0.0, 0.012940514832735062, 0.0, 0.7071067690849304) 1.0318257808685303
flower_red (-299.7247009277344, 7.916390895843506, -118.81375122070312) (0.0, 0.5859518647193909, 0.0, 0.7071067690849304) 0.8277651071548462
flower_red (-267.8056335449219, 7.8948655128479, -110.17906951904297) (0.0, 0.44315075874328613, 0.0, 0.7071067690849304) 0.5784980654716492
flower_red (-314.5693054199219, 7.899770259857178, -118.06613159179688) (0.0, 0.2813017964363098, 0.0, 0.7071067690849304) 0.9278229475021362
flower_red (-303.3816223144531, 7.90432596206665, -122.43291473388672) (0.0, 0.5951630473136902, 0.0, 0.7071067690849304) 0.9829376935958862
flower_red (-319.90283203125, 7.8948655128479, -126.19110870361328) (0.0, 0.3737471103668213, 0.0, 0.7071067690849304) 1.1896498203277588
flower_red (-259.6221008300781, 7.918487071990967, -108.74396514892578) (0.0, 0.07515482604503632, 0.0, 0.7071067690849304) 0.5694628953933716
flower_red (-258.16363525390625, 7.942168235778809, -113.83724212646484) (0.0, 0.6897033452987671, 0.0, 0.7071067690849304) 0.6377965211868286
flower_red (-270.6553955078125, 7.8948655128479, -107.77395629882812) (0.0, 0.4861322045326233, 0.0, 0.7071067690849304) 1.1051775217056274
flower_red (-266.63775634765625, 7.927977561950684, -116.8896255493164) (0.0, 0.6424406170845032, 0.0, 0.7071067690849304) 0.6353768110275269
flower_red (-320.8590087890625, 7.8948655128479, -131.4090118408203) (0.0, 0.23740923404693604, 0.0, 0.7071067690849304) 1.1120249032974243
flower_red (-334.3039855957031, 7.8948655128479, -132.83351135253906) (0.0, 0.13278229534626007, 0.0, 0.7071067690849304) 1.0003544092178345
flower_red (-333.0531005859375, 7.8948655128479, -127.44751739501953) (0.0, 0.6178120970726013, 0.0, 0.7071067690849304) 0.5781230926513672
flower_red (-310.068115234375, 7.8948655128479, -127.2623519897461) (0.0, 0.540992021560669, 0.0, 0.7071067690849304) 1.0924866199493408
flower_red (-273.89788818359375, 7.9360671043396, -111.58123779296875) (0.0, 0.13155953586101532, 0.0, 0.7071067690849304) 0.9173977375030518
flower_red (-320.74761962890625, 7.8948655128479, -124.3460464477539) (0.0, 0.6767390370368958, 0.0, 0.7071067690849304) 1.2010855674743652
flower_red (-325.9532470703125, 7.8948655128479, -127.84463500976562) (0.0, 0.030769644305109978, 0.0, 0.7071067690849304) 0.5018841028213501
flower_red (-267.4749450683594, 7.8948655128479, -108.19879150390625) (0.0, 0.17163436114788055, 0.0, 0.7071067690849304) 0.5814270973205566
flower_red (-315.07373046875, 7.902571201324463, -117.31135559082031) (0.0, 0.33342018723487854, 0.0, 0.7071067690849304) 0.988099217414856
flower_red (-262.5286560058594, 7.908707141876221, -105.3781509399414) (0.0, 0.2601322829723358, 0.0, 0.7071067690849304) 0.586580753326416
flower_red (-311.1203918457031, 7.899595737457275, -122.75711059570312) (0.0, 0.11850429326295853, 0.0, 0.7071067690849304) 0.7984684705734253
flower_red (-317.8818359375, 7.8948655128479, -131.7777099609375) (0.0, 0.44003745913505554, 0.0, 0.7071067690849304) 0.7375471591949463
flower_red (-324.1362609863281, 7.8948655128479, -130.0228271484375) (0.0, 0.23747295141220093, 0.0, 0.7071067690849304) 1.2158952951431274
flower_red (-264.3985595703125, 7.8948655128479, -102.16927337646484) (0.0, 0.07067225873470306, 0.0, 0.7071067690849304) 1.1039581298828125
flower_red (-314.63580322265625, 7.8948655128479, -124.27172088623047) (0.0, 0.6166855096817017, 0.0, 0.7071067690849304) 0.5160133242607117
flower_red (-261.7146301269531, 7.9308576583862305, -118.78532409667969) (0.0, 0.30421197414398193, 0.0, 0.7071067690849304) 1.0119959115982056
flower_red (-333.1202392578125, 7.8948655128479, -128.38592529296875) (0.0, 0.5638734102249146, 0.0, 0.7071067690849304) 0.7290551066398621
flower_red (-329.31982421875, 7.8948655128479, -128.2343292236328) (0.0, 0.1701882928609848, 0.0, 0.7071067690849304) 0.526402473449707
flower_red (-316.7810363769531, 7.8948655128479, -152.57913208007812) (0.0, 0.6333009600639343, 0.0, 0.7071067690849304) 0.5681833028793335
flower_red (-332.8437194824219, 7.8948655128479, -128.56661987304688) (0.0, 0.46819913387298584, 0.0, 0.7071067690849304) 0.5550460815429688
flower_red (-321.1663818359375, 7.8948655128479, -130.40464782714844) (0.0, 0.6509346961975098, 0.0, 0.7071067690849304) 1.0538175106048584
flower_red (-257.924072265625, 7.942168235778809, -114.83714294433594) (0.0, 0.3713911175727844, 0.0, 0.7071067690849304) 0.6653947830200195
flower_red (-313.3206481933594, 7.8948655128479, -134.0680694580078) (0.0, 0.20921476185321808, 0.0, 0.7071067690849304) 0.5620893836021423
flower_red (-316.6103820800781, 7.8948655128479, -134.674072265625) (0.0, 0.17972224950790405, 0.0, 0.7071067690849304) 0.8094759583473206
flower_red (-314.30816650390625, 7.8948655128479, -130.5238037109375) (0.0, 0.1978457272052765, 0.0, 0.7071067690849304) 0.6627378463745117
flower_red (-268.40509033203125, 7.920862197875977, -114.44404602050781) (0.0, 0.4059637486934662, 0.0, 0.7071067690849304) 0.5483640432357788
flower_red (-257.62493896484375, 7.997517108917236, -85.72450256347656) (0.0, 0.6871291399002075, 0.0, 0.7071067690849304) 0.9285401105880737
flower_red (-313.66705322265625, 7.90432596206665, -117.17513275146484) (0.0, 0.15825533866882324, 0.0, 0.7071067690849304) 1.1848993301391602
flower_red (-318.70794677734375, 7.8948655128479, -140.583984375) (0.0, 0.04905159771442413, 0.0, 0.7071067690849304) 0.7952543497085571
flower_red (-257.8591003417969, 7.93632698059082, -89.11085510253906) (0.0, 0.6292491555213928, 0.0, 0.7071067690849304) 0.9389452934265137
flower_red (-315.7187194824219, 7.8948655128479, -134.9207763671875) (0.0, 0.3983704149723053, 0.0, 0.7071067690849304) 1.198718786239624
flower_red (-330.8633117675781, 7.8948655128479, -129.4066619873047) (0.0, 0.5647389888763428, 0.0, 0.7071067690849304) 1.1247096061706543
flower_red (-311.676025390625, 7.8948655128479, -138.1990966796875) (0.0, 0.4254204332828522, 0.0, 0.7071067690849304) 0.9835255146026611
flower_red (-259.2564697265625, 7.8948655128479, -94.5018539428711) (0.0, 0.5687834024429321, 0.0, 0.7071067690849304) 0.8115543127059937
flower_red (-322.39337158203125, 7.8948655128479, -131.98561096191406) (0.0, 0.49473774433135986, 0.0, 0.7071067690849304) 1.1589244604110718
flower_red (-337.6964416503906, 7.892513751983643, -134.4417266845703) (0.0, 0.6058604121208191, 0.0, 0.7071067690849304) 0.6203068494796753
flower_red (-310.3091125488281, 7.8948655128479, -127.1614761352539) (0.0, 0.06964243948459625, 0.0, 0.7071067690849304) 1.2387542724609375
flower_red (-312.7667236328125, 7.8948655128479, -135.30442810058594) (0.0, 0.5753341317176819, 0.0, 0.7071067690849304) 0.8947248458862305
flower_red (-260.4257507324219, 7.9137864112854, -106.0146713256836) (0.0, 0.46436309814453125, 0.0, 0.7071067690849304) 0.9784555435180664
flower_red (-305.9299621582031, 7.8948655128479, -132.17234802246094) (0.0, 0.3390450179576874, 0.0, 0.7071067690849304) 1.167312502861023
flower_red (-333.7056579589844, 7.8948655128479, -148.4646759033203) (0.0, 0.18614576756954193, 0.0, 0.7071067690849304) 0.974785327911377
flower_red (-338.0730285644531, 7.8948655128479, -144.0104217529297) (0.0, 0.44277918338775635, 0.0, 0.7071067690849304) 0.6286993026733398
flower_red (-259.704345703125, 7.933324337005615, -113.2994613647461) (0.0, 0.6251093149185181, 0.0, 0.7071067690849304) 0.7981657981872559
flower_red (-258.4338684082031, 7.912872314453125, -108.14446258544922) (0.0, 0.2550962269306183, 0.0, 0.7071067690849304) 0.5439982414245605
flower_red (-333.92547607421875, 7.8948655128479, -128.5823211669922) (0.0, 0.2972147762775421, 0.0, 0.7071067690849304) 0.7599658966064453
flower_red (-316.5597839355469, 7.8948655128479, -134.3005828857422) (0.0, 0.3834415674209595, 0.0, 0.7071067690849304) 1.168468952178955
flower_red (-254.7205047607422, 7.937438011169434, -112.84935760498047) (0.0, 0.16692622005939484, 0.0, 0.7071067690849304) 1.1118983030319214
flower_red (-273.236572265625, 7.925989627838135, -110.16011047363281) (0.0, 0.3047792911529541, 0.0, 0.7071067690849304) 0.761340320110321
flower_red (-319.6144714355469, 7.8948655128479, -123.80748748779297) (0.0, 0.4258103668689728, 0.0, 0.7071067690849304) 0.5735649466514587
flower_red (-317.31646728515625, 7.8948655128479, -154.32948303222656) (0.0, 0.5770774483680725, 0.0, 0.7071067690849304) 1.2239230871200562
flower_red (-303.5415344238281, 7.8948655128479, -128.93211364746094) (0.0, 0.6685340404510498, 0.0, 0.7071067690849304) 0.7372896671295166
flower_red (-267.55487060546875, 7.8948655128479, -111.64826202392578) (0.0, 0.3277547061443329, 0.0, 0.7071067690849304) 1.0056021213531494
flower_red (-336.7926330566406, 7.8948655128479, -142.11708068847656) (0.0, 0.006521887611597776, 0.0, 0.7071067690849304) 0.8047299385070801
flower_red (-315.31231689453125, 7.8948655128479, -135.42926025390625) (0.0, 0.4139682650566101, 0.0, 0.7071067690849304) 0.9558002948760986
flower_red (-325.2453308105469, 7.8948655128479, -134.82081604003906) (0.0, 0.22464776039123535, 0.0, 0.7071067690849304) 0.5304309129714966
flower_red (-269.64007568359375, 7.917000770568848, -113.40576171875) (0.0, 0.6579554677009583, 0.0, 0.7071067690849304) 1.1589971780776978
flower_red (-309.364013671875, 7.904840469360352, -119.51744842529297) (0.0, 0.10512376576662064, 0.0, 0.7071067690849304) 0.9066557884216309
flower_red (-337.67669677734375, 7.8948655128479, -145.6171875) (0.0, 0.3085686266422272, 0.0, 0.7071067690849304) 0.7852969169616699
flower_red (-318.9333801269531, 7.8948655128479, -129.72422790527344) (0.0, 0.2590136229991913, 0.0, 0.7071067690849304) 0.9511972665786743
flower_red (-332.40277099609375, 7.8948655128479, -142.0155487060547) (0.0, 0.20396925508975983, 0.0, 0.7071067690849304) 1.228683352470398
flower_red (-311.9653015136719, 7.8948655128479, -145.8240509033203) (0.0, 0.6097862124443054, 0.0, 0.7071067690849304) 0.514098584651947
flower_red (-310.1789245605469, 7.8948655128479, -148.42640686035156) (0.0, 0.3903198540210724, 0.0, 0.7071067690849304) 0.7127075791358948
flower_red (-321.4613342285156, 7.8948655128479, -128.09031677246094) (0.0, 0.4572926163673401, 0.0, 0.7071067690849304) 1.1069226264953613
flower_red (-312.4273376464844, 7.8948655128479, -128.09771728515625) (0.0, 0.684291422367096, 0.0, 0.7071067690849304) 0.8541973233222961
flower_red (-277.9784851074219, 7.932707786560059, -113.35929870605469) (0.0, 0.22065408527851105, 0.0, 0.7071067690849304) 0.7770487070083618
flower_red (-314.48419189453125, 7.898465156555176, -122.31922149658203) (0.0, 0.6205953359603882, 0.0, 0.7071067690849304) 0.9920727014541626
flower_red (-270.6332702636719, 7.908647060394287, -111.1844482421875) (0.0, 0.01856973208487034, 0.0, 0.7071067690849304) 1.045524001121521
flower_red (-328.35357666015625, 7.8948655128479, -132.41746520996094) (0.0, 0.5108615159988403, 0.0, 0.7071067690849304) 1.1506893634796143
flower_red (-332.9479064941406, 7.8948655128479, -147.6420440673828) (0.0, 0.23730875551700592, 0.0, 0.7071067690849304) 0.8051810264587402
flower_red (-306.0895080566406, 7.8948655128479, -135.2413330078125) (0.0, 0.2533259987831116, 0.0, 0.7071067690849304) 1.1805627346038818
flower_red (-314.4638671875, 7.8948655128479, -132.10275268554688) (0.0, 0.615380585193634, 0.0, 0.7071067690849304) 0.915043830871582
flower_red (-315.9678649902344, 7.8948655128479, -140.35791015625) (0.0, 0.01575423963367939, 0.0, 0.7071067690849304) 1.2069525718688965
flower_red (-266.8466491699219, 7.920571804046631, -114.90210723876953) (0.0, 0.4503971338272095, 0.0, 0.7071067690849304) 0.5023007392883301
flower_red (-313.04638671875, 7.8948655128479, -125.86024475097656) (0.0, 0.5071213841438293, 0.0, 0.7071067690849304) 0.8160763382911682
flower_red (-261.28192138671875, 7.927487373352051, -112.60002899169922) (0.0, 0.4726763069629669, 0.0, 0.7071067690849304) 0.5571768283843994
flower_red (-261.09356689453125, 7.934168338775635, -115.322265625) (0.0, 0.07431155443191528, 0.0, 0.7071067690849304) 0.6565241813659668
flower_red (-305.4095458984375, 7.8948655128479, -128.42652893066406) (0.0, 0.5590893030166626, 0.0, 0.7071067690849304) 1.12355637550354
flower_red (-317.87115478515625, 7.8948655128479, -130.8316650390625) (0.0, 0.608421266078949, 0.0, 0.7071067690849304) 0.7451926469802856
flower_red (-310.5650634765625, 7.8948655128479, -143.6100311279297) (0.0, 0.2502194344997406, 0.0, 0.7071067690849304) 0.8609092235565186
flower_red (-259.1848449707031, 7.937108516693115, -113.1479721069336) (0.0, 0.20124183595180511, 0.0, 0.7071067690849304) 1.160896897315979
flower_red (-274.28216552734375, 7.937438011169434, -111.42510223388672) (0.0, 0.5258763432502747, 0.0, 0.7071067690849304) 0.9200911521911621
flower_red (-317.9153747558594, 7.8948655128479, -141.08294677734375) (0.0, 0.17083196341991425, 0.0, 0.7071067690849304) 0.791633129119873
flower_red (-263.7494812011719, 7.918626308441162, -113.24560546875) (0.0, 0.5851038694381714, 0.0, 0.7071067690849304) 0.5834801197052002
flower_red (-318.3153991699219, 7.8948655128479, -152.42835998535156) (0.0, 0.22616031765937805, 0.0, 0.7071067690849304) 0.8241145610809326
flower_red (-319.6830749511719, 7.8948655128479, -134.03207397460938) (0.0, 0.03269583731889725, 0.0, 0.7071067690849304) 0.6418534517288208
flower_red (-321.7429504394531, 7.8948655128479, -122.34070587158203) (0.0, 0.25737494230270386, 0.0, 0.7071067690849304) 0.973499059677124
flower_red (-265.3954162597656, 7.932707786560059, -117.72409057617188) (0.0, 0.11788658797740936, 0.0, 0.7071067690849304) 0.7520194053649902
flower_red (-315.4284973144531, 7.8948655128479, -150.7829132080078) (0.0, 0.6801415681838989, 0.0, 0.7071067690849304) 0.6344070434570312
flower_red (-310.23175048828125, 7.8948655128479, -147.9611358642578) (0.0, 0.5701877474784851, 0.0, 0.7071067690849304) 1.1052403450012207
flower_red (-260.85150146484375, 7.932707786560059, -117.78682708740234) (0.0, 0.46929460763931274, 0.0, 0.7071067690849304) 1.1720144748687744
flower_red (-305.837646484375, 7.8948655128479, -135.05953979492188) (0.0, 0.6073212623596191, 0.0, 0.7071067690849304) 0.5838426351547241
flower_red (-315.2452697753906, 7.8948655128479, -156.7948760986328) (0.0, 0.3564796447753906, 0.0, 0.7071067690849304) 1.1497896909713745
flower_red (-310.9911804199219, 7.909056186676025, -117.9704360961914) (0.0, 0.18439237773418427, 0.0, 0.7071067690849304) 0.8911505937576294
flower_red (-304.7105712890625, 7.8948655128479, -132.73841857910156) (0.0, 0.5643678903579712, 0.0, 0.7071067690849304) 1.065975546836853
flower_red (-332.45806884765625, 7.8948655128479, -140.06283569335938) (0.0, 0.4729306995868683, 0.0, 0.7071067690849304) 0.8104183673858643
flower_red (-312.01226806640625, 7.8948655128479, -128.91128540039062) (0.0, 0.31967025995254517, 0.0, 0.7071067690849304) 1.2182486057281494
flower_red (-260.9922790527344, 7.930311679840088, -112.90618896484375) (0.0, 0.08446565270423889, 0.0, 0.7071067690849304) 0.833160936832428
flower_red (-263.95989990234375, 7.9137864112854, -122.81539916992188) (0.0, 0.27866777777671814, 0.0, 0.7071067690849304) 1.2431814670562744
flower_red (-312.99560546875, 7.8948655128479, -138.33743286132812) (0.0, 0.29463058710098267, 0.0, 0.7071067690849304) 0.6120467782020569
flower_red (-312.032470703125, 7.8948655128479, -139.1952667236328) (0.0, 0.43957483768463135, 0.0, 0.7071067690849304) 1.1694616079330444
flower_red (-329.8580627441406, 7.8948655128479, -135.1784210205078) (0.0, 0.689976155757904, 0.0, 0.7071067690849304) 0.5480997562408447
flower_red (-278.7615661621094, 7.930159091949463, -112.03715515136719) (0.0, 0.3556919991970062, 0.0, 0.7071067690849304) 0.741680383682251
flower_red (-310.628662109375, 7.8948655128479, -142.578125) (0.0, 0.07168176025152206, 0.0, 0.7071067690849304) 0.9451535940170288
flower_red (-260.29193115234375, 7.932707786560059, -117.78005981445312) (0.0, 0.29687783122062683, 0.0, 0.7071067690849304) 0.6414426565170288
flower_red (-330.45721435546875, 7.8948655128479, -126.0489501953125) (0.0, 0.1586126685142517, 0.0, 0.7071067690849304) 0.8564552068710327
flower_red (-309.6153259277344, 7.90432596206665, -120.2723388671875) (0.0, 0.4580923914909363, 0.0, 0.7071067690849304) 0.6299772262573242
flower_red (-260.627685546875, 7.927854061126709, -110.94573211669922) (0.0, 0.4034648537635803, 0.0, 0.7071067690849304) 1.2281930446624756
flower_red (-308.820556640625, 7.8948655128479, -139.79190063476562) (0.0, 0.6884934306144714, 0.0, 0.7071067690849304) 0.5881496667861938
flower_red (-266.24609375, 7.8948655128479, -101.19882202148438) (0.0, 0.6656870245933533, 0.0, 0.7071067690849304) 1.1166127920150757
flower_red (-262.2220458984375, 7.8948655128479, -102.77101135253906) (0.0, 0.43191760778427124, 0.0, 0.7071067690849304) 0.8548310399055481
flower_red (-278.1000671386719, 7.932707786560059, -114.17391967773438) (0.0, 0.42624279856681824, 0.0, 0.7071067690849304) 0.6306319832801819
flower_red (-318.5949401855469, 7.8948655128479, -124.93711853027344) (0.0, 0.41261789202690125, 0.0, 0.7071067690849304) 0.8036062717437744
flower_red (-271.4099426269531, 7.918281555175781, -111.67949676513672) (0.0, 0.20545543730258942, 0.0, 0.7071067690849304) 0.6466429829597473
flower_red (-331.3962097167969, 7.8948655128479, -125.81742095947266) (0.0, 0.03669312968850136, 0.0, 0.7071067690849304) 1.224759578704834
flower_red (-330.9841613769531, 7.8948655128479, -134.48202514648438) (0.0, 0.4023096263408661, 0.0, 0.7071067690849304) 0.5878042578697205
flower_red (-268.4248046875, 7.8948655128479, -109.41073608398438) (0.0, 0.3371351659297943, 0.0, 0.7071067690849304) 1.2254369258880615
flower_red (-316.4735412597656, 7.8948655128479, -137.1123809814453) (0.0, 0.2078159898519516, 0.0, 0.7071067690849304) 0.7854137420654297
flower_red (-310.3418884277344, 7.8948655128479, -133.0457305908203) (0.0, 0.6200003027915955, 0.0, 0.7071067690849304) 1.0344290733337402
flower_red (-319.1164245605469, 7.8948655128479, -129.34487915039062) (0.0, 0.2810967266559601, 0.0, 0.7071067690849304) 1.106655478477478
flower_red (-315.4920349121094, 7.8948655128479, -155.98828125) (0.0, 0.0581851564347744, 0.0, 0.7071067690849304) 1.016951322555542
flower_red (-259.63800048828125, 7.8948655128479, -99.70641326904297) (0.0, 0.34243008494377136, 0.0, 0.7071067690849304) 1.1691863536834717
flower_red (-326.44171142578125, 7.8948655128479, -139.1231689453125) (0.0, 0.691602349281311, 0.0, 0.7071067690849304) 0.8005860447883606
flower_red (-263.0296936035156, 7.908148765563965, -124.0616455078125) (0.0, 0.16194158792495728, 0.0, 0.7071067690849304) 1.1980869770050049
flower_red (-276.3726806640625, 7.93607759475708, -112.35055541992188) (0.0, 0.2087477743625641, 0.0, 0.7071067690849304) 1.1060330867767334
flower_red (-307.3843688964844, 7.899595737457275, -124.08155059814453) (0.0, 0.5937765836715698, 0.0, 0.7071067690849304) 0.9128872156143188
flower_red (-307.2165832519531, 7.8948655128479, -140.56622314453125) (0.0, 0.6926893591880798, 0.0, 0.7071067690849304) 0.5898345112800598
flower_red (-310.7132263183594, 7.8948655128479, -151.5001983642578) (0.0, 0.5179923176765442, 0.0, 0.7071067690849304) 0.9024127125740051
flower_red (-332.3702087402344, 7.8948655128479, -131.0671844482422) (0.0, 0.23863814771175385, 0.0, 0.7071067690849304) 0.5051131248474121
flower_red (-330.6424560546875, 7.8948655128479, -127.46867370605469) (0.0, 0.3340972065925598, 0.0, 0.7071067690849304) 0.8161481618881226
flower_red (-332.13348388671875, 7.8948655128479, -135.98773193359375) (0.0, 0.6989511847496033, 0.0, 0.7071067690849304) 0.7647988796234131
flower_red (-332.5719299316406, 7.8948655128479, -131.4576873779297) (0.0, 0.3465847373008728, 0.0, 0.7071067690849304) 0.8882927894592285
flower_red (-306.5462646484375, 7.8948655128479, -140.03347778320312) (0.0, 0.15799419581890106, 0.0, 0.7071067690849304) 0.5646231770515442
flower_red (-329.73773193359375, 7.8948655128479, -128.0444793701172) (0.0, 0.23306414484977722, 0.0, 0.7071067690849304) 1.0019094944000244
flower_red (-331.7093811035156, 7.8948655128479, -129.37664794921875) (0.0, 0.17344489693641663, 0.0, 0.7071067690849304) 0.7740007042884827
flower_red (-302.2989501953125, 7.918563365936279, -118.10157012939453) (0.0, 0.2250288426876068, 0.0, 0.7071067690849304) 0.7585941553115845
flower_red (-309.1826477050781, 7.8948655128479, -135.75914001464844) (0.0, 0.05677551403641701, 0.0, 0.7071067690849304) 0.919775128364563
flower_red (-308.8974914550781, 7.8948655128479, -131.17742919921875) (0.0, 0.22869090735912323, 0.0, 0.7071067690849304) 1.0984671115875244
flower_red (-336.10833740234375, 7.8948655128479, -144.8545684814453) (0.0, 0.13281837105751038, 0.0, 0.7071067690849304) 0.7455563545227051
flower_red (-311.8252868652344, 7.8948655128479, -150.08004760742188) (0.0, 0.5096778869628906, 0.0, 0.7071067690849304) 1.0785527229309082
flower_red (-258.5867004394531, 7.917901992797852, -108.91461181640625) (0.0, 0.48730698227882385, 0.0, 0.7071067690849304) 1.1020410060882568
flower_red (-324.26513671875, 7.8948655128479, -130.3948516845703) (0.0, 0.4991358518600464, 0.0, 0.7071067690849304) 0.6390528678894043
flower_red (-269.4263916015625, 7.928071975708008, -115.8444595336914) (0.0, 0.42344245314598083, 0.0, 0.7071067690849304) 1.0405949354171753
flower_red (-269.60943603515625, 7.923779010772705, -114.32981872558594) (0.0, 0.6161569952964783, 0.0, 0.7071067690849304) 0.7053654193878174
flower_red (-334.8982238769531, 7.8948655128479, -146.4365997314453) (0.0, 0.2091188281774521, 0.0, 0.7071067690849304) 1.154164433479309
flower_red (-309.5768737792969, 7.8948655128479, -140.9193878173828) (0.0, 0.06331965327262878, 0.0, 0.7071067690849304) 0.5074303150177002
flower_red (-314.5663146972656, 7.8948655128479, -143.7219696044922) (0.0, 0.2982851266860962, 0.0, 0.7071067690849304) 0.811149001121521
flower_red (-333.8738098144531, 7.8948655128479, -141.03189086914062) (0.0, 0.3093113303184509, 0.0, 0.7071067690849304) 1.0067226886749268
flower_red (-318.2344970703125, 7.8948655128479, -140.3079376220703) (0.0, 0.22286005318164825, 0.0, 0.7071067690849304) 1.2383661270141602
flower_red (-309.6160888671875, 7.8948655128479, -133.0855712890625) (0.0, 0.6206678152084351, 0.0, 0.7071067690849304) 0.7307212948799133
flower_red (-316.301513671875, 7.8948655128479, -152.26820373535156) (0.0, 0.5712750554084778, 0.0, 0.7071067690849304) 0.6920264959335327
flower_red (-319.1624755859375, 7.8948655128479, -136.50372314453125) (0.0, 0.23837852478027344, 0.0, 0.7071067690849304) 0.9172641038894653
flower_red (-314.0302429199219, 7.8948655128479, -141.1192169189453) (0.0, 0.09315161406993866, 0.0, 0.7071067690849304) 1.1495298147201538
flower_red (-277.35162353515625, 7.931106090545654, -112.08462524414062) (0.0, 0.15839923918247223, 0.0, 0.7071067690849304) 1.1056652069091797
flower_red (-323.43798828125, 7.8948655128479, -134.1152801513672) (0.0, 0.5956525206565857, 0.0, 0.7071067690849304) 0.6077139377593994
flower_red (-314.68927001953125, 7.899595737457275, -120.68104553222656) (0.0, 0.15059642493724823, 0.0, 0.7071067690849304) 0.5709662437438965
flower_red (-310.5675048828125, 7.8948655128479, -138.76983642578125) (0.0, 0.1322823464870453, 0.0, 0.7071067690849304) 1.0654610395431519
flower_red (-316.5059814453125, 7.8948655128479, -124.95952606201172) (0.0, 0.3613922894001007, 0.0, 0.7071067690849304) 0.9895331859588623
flower_red (-314.27740478515625, 7.8948655128479, -139.8207244873047) (0.0, 0.10595894604921341, 0.0, 0.7071067690849304) 0.8789701461791992
flower_red (-304.2762145996094, 7.8948655128479, -127.12633514404297) (0.0, 0.1573265939950943, 0.0, 0.7071067690849304) 0.6760059595108032
flower_red (-318.79217529296875, 7.8948655128479, -120.88423919677734) (0.0, 0.526080846786499, 0.0, 0.7071067690849304) 0.6464216113090515
flower_red (-264.9723205566406, 7.905013084411621, -112.28856658935547) (0.0, 0.37716642022132874, 0.0, 0.7071067690849304) 0.9055472612380981
flower_red (-313.0912780761719, 7.8948655128479, -133.95729064941406) (0.0, 0.5588389039039612, 0.0, 0.7071067690849304) 0.572317361831665
flower_red (-315.4431457519531, 7.8948655128479, -140.58763122558594) (0.0, 0.22433342039585114, 0.0, 0.7071067690849304) 0.5470629334449768
flower_red (-272.1378173828125, 7.913681983947754, -109.78195190429688) (0.0, 0.562667191028595, 0.0, 0.7071067690849304) 0.921522855758667
flower_red (-319.3932800292969, 7.8948655128479, -149.36587524414062) (0.0, 0.327636182308197, 0.0, 0.7071067690849304) 1.141636848449707
flower_red (-266.4479064941406, 7.918516635894775, -114.2027359008789) (0.0, 0.6867436170578003, 0.0, 0.7071067690849304) 0.6078539490699768
flower_red (-323.2970275878906, 7.8948655128479, -132.5548858642578) (0.0, 0.28476038575172424, 0.0, 0.7071067690849304) 0.939337432384491
flower_red (-313.1321716308594, 7.8948655128479, -131.33570861816406) (0.0, 0.29308074712753296, 0.0, 0.7071067690849304) 0.8221560716629028
flower_red (-262.2795715332031, 7.89794921875, -103.5396728515625) (0.0, 0.08494747430086136, 0.0, 0.7071067690849304) 0.569863498210907
flower_red (-318.15093994140625, 7.8948655128479, -129.89019775390625) (0.0, 0.012095892801880836, 0.0, 0.7071067690849304) 0.593075156211853
flower_red (-339.0895690917969, 7.8948655128479, -144.7684783935547) (0.0, 0.36158260703086853, 0.0, 0.7071067690849304) 1.1245837211608887
flower_red (-336.5619812011719, 7.890134811401367, -129.76634216308594) (0.0, 0.0826236680150032, 0.0, 0.7071067690849304) 0.5606013536453247
flower_red (-330.50592041015625, 7.8948655128479, -140.61749267578125) (0.0, 0.15143834054470062, 0.0, 0.7071067690849304) 0.6188945770263672
flower_red (-303.92730712890625, 7.899595737457275, -126.01017761230469) (0.0, 0.2579035460948944, 0.0, 0.7071067690849304) 0.7850017547607422
flower_red (-267.82513427734375, 7.9276323318481445, -115.63059997558594) (0.0, 0.2329525351524353, 0.0, 0.7071067690849304) 0.6592448949813843
flower_red (-332.03125, 7.8948655128479, -125.5872573852539) (0.0, 0.042882561683654785, 0.0, 0.7071067690849304) 1.1640442609786987
flower_red (-329.0793762207031, 7.8948655128479, -133.03909301757812) (0.0, 0.02913586236536503, 0.0, 0.7071067690849304) 0.7402759790420532
flower_red (-277.58544921875, 7.932707786560059, -113.5162124633789) (0.0, 0.6195129752159119, 0.0, 0.7071067690849304) 0.7522363662719727
flower_red (-307.2648010253906, 7.8948655128479, -135.94155883789062) (0.0, 0.3353220820426941, 0.0, 0.7071067690849304) 0.7474339604377747
flower_red (-265.5403747558594, 7.8948655128479, -108.64273071289062) (0.0, 0.09859201312065125, 0.0, 0.7071067690849304) 1.1589984893798828
flower_red (-307.63238525390625, 7.8948655128479, -138.52149963378906) (0.0, 0.647821307182312, 0.0, 0.7071067690849304) 0.8768538236618042
flower_red (-316.17950439453125, 7.8948655128479, -137.32728576660156) (0.0, 0.06990805268287659, 0.0, 0.7071067690849304) 0.574649453163147
flower_red (-314.3453674316406, 7.8948655128479, -130.91409301757812) (0.0, 0.3183598518371582, 0.0, 0.7071067690849304) 0.5085074305534363
flower_red (-307.7561340332031, 7.8948655128479, -148.369140625) (0.0, 0.09653566777706146, 0.0, 0.7071067690849304) 1.11204195022583
flower_red (-315.0184020996094, 7.8948655128479, -154.80128479003906) (0.0, 0.47686681151390076, 0.0, 0.7071067690849304) 0.665206789970398
flower_red (-309.9656066894531, 7.8948655128479, -132.8485870361328) (0.0, 0.2220851480960846, 0.0, 0.7071067690849304) 0.8003721833229065
flower_red (-279.07000732421875, 7.927977561950684, -111.5775146484375) (0.0, 0.4471120536327362, 0.0, 0.7071067690849304) 1.1783286333084106
flower_red (-303.85076904296875, 7.899595737457275, -124.3945083618164) (0.0, 0.15695849061012268, 0.0, 0.7071067690849304) 0.5809136629104614
flower_red (-257.3121337890625, 7.996916770935059, -85.75550079345703) (0.0, 0.25999176502227783, 0.0, 0.7071067690849304) 0.8025079369544983
flower_red (-333.2987976074219, 7.8948655128479, -133.575439453125) (0.0, 0.5771324634552002, 0.0, 0.7071067690849304) 0.5707539916038513
flower_red (-257.46380615234375, 7.942168235778809, -115.28864288330078) (0.0, 0.6072140336036682, 0.0, 0.7071067690849304) 0.6437873840332031
flower_red (-311.8605041503906, 7.8948655128479, -143.29519653320312) (0.0, 0.5141522884368896, 0.0, 0.7071067690849304) 1.1885311603546143
flower_red (-316.391357421875, 7.8948655128479, -154.91322326660156) (0.0, 0.6283590793609619, 0.0, 0.7071067690849304) 0.9236876964569092
flower_red (-264.39447021484375, 7.8948655128479, -106.94080352783203) (0.0, 0.19571790099143982, 0.0, 0.7071067690849304) 0.8038386106491089
flower_red (-256.0812683105469, 7.8948655128479, -105.98340606689453) (0.0, 0.05407743901014328, 0.0, 0.7071067690849304) 0.7349191308021545
flower_red (-334.2624206542969, 7.8948655128479, -140.99005126953125) (0.0, 0.03680675849318504, 0.0, 0.7071067690849304) 0.8120242357254028
flower_red (-323.44036865234375, 7.8948655128479, -130.9463348388672) (0.0, 0.38872990012168884, 0.0, 0.7071067690849304) 1.16792631149292
flower_red (-310.0671081542969, 7.899595737457275, -124.33171081542969) (0.0, 0.3868655860424042, 0.0, 0.7071067690849304) 1.2319225072860718
flower_red (-317.5849914550781, 7.8948655128479, -134.19882202148438) (0.0, 0.10181784629821777, 0.0, 0.7071067690849304) 0.8035854697227478
flower_red (-316.7637634277344, 7.8948655128479, -145.67091369628906) (0.0, 0.569149374961853, 0.0, 0.7071067690849304) 0.6314554214477539
flower_red (-327.37725830078125, 7.8948655128479, -158.32168579101562) (0.0, 0.2774123251438141, 0.0, 0.7071067690849304) 1.0289779901504517
flower_red (-308.4691162109375, 7.8948655128479, -140.93336486816406) (0.0, 0.6039271354675293, 0.0, 0.7071067690849304) 0.6284524202346802
flower_red (-309.4729919433594, 7.8948655128479, -134.47877502441406) (0.0, 0.6342095732688904, 0.0, 0.7071067690849304) 0.8997091054916382
flower_red (-307.62744140625, 7.8948655128479, -129.54664611816406) (0.0, 0.2596830725669861, 0.0, 0.7071067690849304) 1.2319550514221191
flower_red (-309.3687744140625, 7.8948655128479, -139.23876953125) (0.0, 0.4835408329963684, 0.0, 0.7071067690849304) 0.9909255504608154
flower_red (-315.8450622558594, 7.8948655128479, -134.90101623535156) (0.0, 0.4971131384372711, 0.0, 0.7071067690849304) 0.9913315773010254
flower_red (-312.9942932128906, 7.8948655128479, -145.32273864746094) (0.0, 0.09180518984794617, 0.0, 0.7071067690849304) 0.5054622888565063
flower_red (-324.90789794921875, 7.8948655128479, -127.68673706054688) (0.0, 0.6466245055198669, 0.0, 0.7071067690849304) 0.6277769804000854
flower_red (-314.75262451171875, 7.8948655128479, -147.50387573242188) (0.0, 0.25406980514526367, 0.0, 0.7071067690849304) 1.2274188995361328
flower_red (-327.6078796386719, 7.8948655128479, -125.90575408935547) (0.0, 0.029352329671382904, 0.0, 0.7071067690849304) 0.9881124496459961
flower_red (-258.4525451660156, 7.902288436889648, -106.62230682373047) (0.0, 0.6017882823944092, 0.0, 0.7071067690849304) 1.1851403713226318
flower_red (-329.7793273925781, 7.8948655128479, -138.4438018798828) (0.0, 0.28587910532951355, 0.0, 0.7071067690849304) 0.9496722221374512
flower_red (-264.27508544921875, 7.901688098907471, -111.2171401977539) (0.0, 0.14966337382793427, 0.0, 0.7071067690849304) 1.1117355823516846
flower_red (-311.9424133300781, 7.900118827819824, -120.48155212402344) (0.0, 0.33902764320373535, 0.0, 0.7071067690849304) 0.5064831972122192
flower_red (-310.96343994140625, 7.908715724945068, -118.32049560546875) (0.0, 0.5405539870262146, 0.0, 0.7071067690849304) 1.20894455909729
flower_red (-324.8384704589844, 7.8948655128479, -128.7006378173828) (0.0, 0.03912888094782829, 0.0, 0.7071067690849304) 0.9764950275421143
flower_red (-318.6079406738281, 7.8948655128479, -126.28793334960938) (0.0, 0.1236279159784317, 0.0, 0.7071067690849304) 0.5290572643280029
flower_red (-254.92953491210938, 7.8948655128479, -102.19329833984375) (0.0, 0.46203500032424927, 0.0, 0.7071067690849304) 1.164731740951538
flower_red (-309.12255859375, 7.8948655128479, -146.22872924804688) (0.0, 0.13114017248153687, 0.0, 0.7071067690849304) 0.7871516942977905
flower_red (-306.40985107421875, 7.896316051483154, -126.22362518310547) (0.0, 0.05935068428516388, 0.0, 0.7071067690849304) 1.0319445133209229
flower_red (-324.5806579589844, 7.8948655128479, -134.29647827148438) (0.0, 0.1231098473072052, 0.0, 0.7071067690849304) 0.9621472358703613
flower_red (-331.2491760253906, 7.8948655128479, -132.67117309570312) (0.0, 0.5795903205871582, 0.0, 0.7071067690849304) 0.5796351432800293
flower_red (-332.9278869628906, 7.8948655128479, -125.87517547607422) (0.0, 0.6089411377906799, 0.0, 0.7071067690849304) 0.9900208115577698
flower_red (-333.7633056640625, 7.8923726081848145, -124.64707946777344) (0.0, 0.5661308169364929, 0.0, 0.7071067690849304) 1.0279333591461182
flower_red (-332.14068603515625, 7.8948655128479, -126.54581451416016) (0.0, 0.6010342240333557, 0.0, 0.7071067690849304) 0.7599431276321411
flower_red (-318.3249816894531, 7.8948655128479, -124.03044128417969) (0.0, 0.18945758044719696, 0.0, 0.7071067690849304) 0.6697571277618408
flower_red (-264.63092041015625, 7.8948655128479, -98.0570297241211) (0.0, 0.6860994100570679, 0.0, 0.7071067690849304) 0.8643743395805359
flower_red (-277.51458740234375, 7.929510116577148, -111.91993713378906) (0.0, 0.18915294110774994, 0.0, 0.7071067690849304) 1.1359663009643555
flower_red (-306.4745178222656, 7.8948655128479, -137.63818359375) (0.0, 0.044052138924598694, 0.0, 0.7071067690849304) 0.8103268146514893
flower_red (-324.3336181640625, 7.8948655128479, -130.25039672851562) (0.0, 0.5406366586685181, 0.0, 0.7071067690849304) 1.10928475856781
flower_red (-318.9847412109375, 7.8948655128479, -125.03427124023438) (0.0, 0.3442266285419464, 0.0, 0.7071067690849304) 0.5506322383880615
flower_red (-311.6031188964844, 7.8948655128479, -141.16302490234375) (0.0, 0.5836710333824158, 0.0, 0.7071067690849304) 1.1559107303619385
flower_red (-305.49072265625, 7.8948655128479, -127.56061553955078) (0.0, 0.030541207641363144, 0.0, 0.7071067690849304) 1.1947596073150635
flower_red (-275.7801513671875, 7.937438011169434, -114.31273651123047) (0.0, 0.658482551574707, 0.0, 0.7071067690849304) 0.6733765602111816
flower_red (-303.0334167480469, 7.899595737457275, -123.0389175415039) (0.0, 0.30598148703575134, 0.0, 0.7071067690849304) 0.8012791872024536
flower_red (-262.6405944824219, 7.8948655128479, -98.34858703613281) (0.0, 0.3112224340438843, 0.0, 0.7071067690849304) 0.5935678482055664
flower_red (-275.7993469238281, 7.923480987548828, -109.83380889892578) (0.0, 0.47164279222488403, 0.0, 0.7071067690849304) 0.8731613159179688
flower_red (-307.58148193359375, 7.8948655128479, -131.1519775390625) (0.0, 0.675771951675415, 0.0, 0.7071067690849304) 0.9997919201850891
flower_red (-334.7003479003906, 7.8948655128479, -143.65780639648438) (0.0, 0.5781922936439514, 0.0, 0.7071067690849304) 1.0737563371658325
flower_red (-330.56915283203125, 7.8948655128479, -125.6442642211914) (0.0, 0.12094223499298096, 0.0, 0.7071067690849304) 0.7580033540725708
flower_red (-316.8885192871094, 7.8948655128479, -130.2432098388672) (0.0, 0.24436986446380615, 0.0, 0.7071067690849304) 0.7092875242233276
flower_red (-263.2787170410156, 7.8948655128479, -101.44981384277344) (0.0, 0.2840767502784729, 0.0, 0.7071067690849304) 0.857221782207489
flower_red (-322.5619812011719, 7.8948655128479, -135.15869140625) (0.0, 0.11000470817089081, 0.0, 0.7071067690849304) 0.5342534780502319
flower_red (-259.3045349121094, 7.8958210945129395, -104.26628875732422) (0.0, 0.2992953956127167, 0.0, 0.7071067690849304) 1.1665235757827759
flower_red (-303.1136474609375, 7.9137864112854, -119.3648910522461) (0.0, 0.09701976925134659, 0.0, 0.7071067690849304) 0.7530905604362488
flower_red (-257.0610046386719, 7.931875705718994, -111.45729064941406) (0.0, 0.3383336663246155, 0.0, 0.7071067690849304) 0.7174940705299377
flower_red (-289.6404724121094, 8.017162322998047, -82.25464630126953) (0.0, 0.6493702530860901, 0.0, 0.7071067690849304) 0.7884438037872314
flower_red (-260.91558837890625, 7.931187152862549, -118.7513198852539) (0.0, 0.2735186219215393, 0.0, 0.7071067690849304) 0.6794489622116089
flower_red (-278.8140869140625, 7.932707786560059, -113.6982421875) (0.0, 0.4878130257129669, 0.0, 0.7071067690849304) 0.6552025079727173
flower_red (-262.7699279785156, 7.927977561950684, -114.31291961669922) (0.0, 0.10071031749248505, 0.0, 0.7071067690849304) 1.001009464263916
flower_red (-312.84307861328125, 7.8948655128479, -137.1197967529297) (0.0, 0.027134224772453308, 0.0, 0.7071067690849304) 0.8040521740913391
flower_red (-268.79412841796875, 7.8948655128479, -105.66949462890625) (0.0, 0.07993891835212708, 0.0, 0.7071067690849304) 0.5196260809898376
flower_red (-334.0330810546875, 7.8948655128479, -129.85829162597656) (0.0, 0.017438005656003952, 0.0, 0.7071067690849304) 0.597861111164093
flower_red (-272.827392578125, 7.922398567199707, -110.19882202148438) (0.0, 0.6060656309127808, 0.0, 0.7071067690849304) 1.032080888748169
flower_red (-268.4519348144531, 7.8948655128479, -105.73682403564453) (0.0, 0.2232237011194229, 0.0, 0.7071067690849304) 0.5739256143569946
flower_red (-264.8456115722656, 7.8948655128479, -102.57524108886719) (0.0, 0.23045718669891357, 0.0, 0.7071067690849304) 1.0137072801589966
flower_red (-314.2822265625, 7.899595737457275, -121.87543487548828) (0.0, 0.28187450766563416, 0.0, 0.7071067690849304) 0.9438776969909668
flower_red (-326.79248046875, 7.8948655128479, -130.6181182861328) (0.0, 0.28079983592033386, 0.0, 0.7071067690849304) 0.6188149452209473
flower_red (-324.7695007324219, 7.8948655128479, -123.39437103271484) (0.0, 0.21943756937980652, 0.0, 0.7071067690849304) 0.7381997108459473
flower_red (-325.61767578125, 7.8948655128479, -132.8945770263672) (0.0, 0.492464154958725, 0.0, 0.7071067690849304) 0.8628549575805664
flower_red (-314.056396484375, 7.8948655128479, -130.48062133789062) (0.0, 0.631138026714325, 0.0, 0.7071067690849304) 1.2149361371994019
flower_red (-322.9408264160156, 7.8948655128479, -138.65199279785156) (0.0, 0.1730021834373474, 0.0, 0.7071067690849304) 0.7574877738952637
flower_red (-264.1505126953125, 7.932707786560059, -118.0711669921875) (0.0, 0.08565183728933334, 0.0, 0.7071067690849304) 0.565534234046936
flower_red (-306.23419189453125, 7.899595737457275, -124.7912368774414) (0.0, 0.1483292579650879, 0.0, 0.7071067690849304) 0.5868148803710938
flower_red (-313.91351318359375, 7.8948655128479, -127.75629425048828) (0.0, 0.00992878619581461, 0.0, 0.7071067690849304) 1.1544158458709717
flower_red (-316.4377136230469, 7.8948655128479, -154.77239990234375) (0.0, 0.14712756872177124, 0.0, 0.7071067690849304) 1.1733592748641968
flower_red (-325.00677490234375, 7.8948655128479, -126.58956909179688) (0.0, 0.2797439694404602, 0.0, 0.7071067690849304) 1.1267189979553223
flower_red (-319.3784484863281, 7.8948655128479, -124.08522033691406) (0.0, 0.2409040480852127, 0.0, 0.7071067690849304) 0.6960875988006592
flower_red (-278.6549377441406, 7.927977561950684, -111.44331359863281) (0.0, 0.3810185492038727, 0.0, 0.7071067690849304) 0.82570481300354
flower_red (-318.0762634277344, 7.8948655128479, -122.84481811523438) (0.0, 0.5160438418388367, 0.0, 0.7071067690849304) 1.1957138776779175
flower_red (-337.0473327636719, 7.8948655128479, -142.16392517089844) (0.0, 0.1317138671875, 0.0, 0.7071067690849304) 0.795447826385498
flower_red (-328.32611083984375, 7.8948655128479, -124.1668472290039) (0.0, 0.6298032402992249, 0.0, 0.7071067690849304) 0.5711053609848022
flower_red (-324.6024169921875, 7.8948655128479, -131.2440948486328) (0.0, 0.47313621640205383, 0.0, 0.7071067690849304) 0.8681625127792358
flower_red (-268.3818359375, 7.8948655128479, -105.34346008300781) (0.0, 0.5808351635932922, 0.0, 0.7071067690849304) 0.5316581130027771
flower_red (-335.5096130371094, 7.8948655128479, -141.83047485351562) (0.0, 0.26291245222091675, 0.0, 0.7071067690849304) 0.5271927714347839
flower_red (-269.57470703125, 7.929619789123535, -116.65788269042969) (0.0, 0.5355985760688782, 0.0, 0.7071067690849304) 0.6271418929100037
flower_red (-313.9888610839844, 7.8948655128479, -130.62765502929688) (0.0, 0.5575588941574097, 0.0, 0.7071067690849304) 0.9025429487228394
flower_red (-272.5053405761719, 7.915505409240723, -109.56549835205078) (0.0, 0.6926969885826111, 0.0, 0.7071067690849304) 1.101882815361023
flower_red (-317.0000915527344, 7.8948655128479, -155.1920166015625) (0.0, 0.6246421337127686, 0.0, 0.7071067690849304) 1.1350500583648682
flower_red (-267.1186218261719, 7.9269561767578125, -119.6759033203125) (0.0, 0.4785287380218506, 0.0, 0.7071067690849304) 0.9109553694725037
flower_red (-324.8770751953125, 7.8948655128479, -130.39907836914062) (0.0, 0.2564923167228699, 0.0, 0.7071067690849304) 1.0007209777832031
flower_red (-315.5580139160156, 7.8948655128479, -124.89110565185547) (0.0, 0.13699385523796082, 0.0, 0.7071067690849304) 0.7733994722366333
flower_red (-276.68218994140625, 7.932707786560059, -115.30638122558594) (0.0, 0.4245239496231079, 0.0, 0.7071067690849304) 1.0869040489196777
flower_red (-315.02587890625, 7.8948655128479, -130.28091430664062) (0.0, 0.0884706974029541, 0.0, 0.7071067690849304) 0.8883002996444702
flower_red (-316.5994873046875, 7.8948655128479, -138.28414916992188) (0.0, 0.24781250953674316, 0.0, 0.7071067690849304) 0.9061205983161926
flower_red (-272.83282470703125, 7.914285659790039, -108.8851089477539) (0.0, 0.6125842928886414, 0.0, 0.7071067690849304) 0.5415675640106201
flower_red (-306.4565734863281, 7.8948655128479, -134.074951171875) (0.0, 0.6099449396133423, 0.0, 0.7071067690849304) 0.5435925126075745
flower_red (-269.95843505859375, 7.91018009185791, -112.29518127441406) (0.0, 0.14785392582416534, 0.0, 0.7071067690849304) 1.1584491729736328
flower_red (-324.7057189941406, 7.8948655128479, -125.08714294433594) (0.0, 0.2564585208892822, 0.0, 0.7071067690849304) 1.23876953125
flower_red (-268.15313720703125, 7.915859699249268, -113.92793273925781) (0.0, 0.04607822000980377, 0.0, 0.7071067690849304) 1.1721153259277344
flower_red (-259.3136291503906, 7.937438011169434, -115.21700286865234) (0.0, 0.14896947145462036, 0.0, 0.7071067690849304) 0.6671096086502075
flower_red (-309.3441162109375, 7.8948655128479, -128.65541076660156) (0.0, 0.5861321687698364, 0.0, 0.7071067690849304) 0.6158764362335205
flower_red (-311.3348388671875, 7.8948655128479, -135.906005859375) (0.0, 0.07497350871562958, 0.0, 0.7071067690849304) 0.768856406211853
flower_red (-328.00018310546875, 7.8948655128479, -126.85400390625) (0.0, 0.21127119660377502, 0.0, 0.7071067690849304) 0.5286465287208557
flower_red (-303.8060607910156, 7.899595737457275, -124.3924789428711) (0.0, 0.26636141538619995, 0.0, 0.7071067690849304) 0.7016931772232056
flower_red (-337.2456970214844, 7.890134811401367, -130.8308868408203) (0.0, 0.6535043120384216, 0.0, 0.7071067690849304) 1.1609127521514893
flower_red (-334.579833984375, 7.8948655128479, -134.29566955566406) (0.0, 0.13894635438919067, 0.0, 0.7071067690849304) 0.8559393882751465
flower_red (-324.8279724121094, 7.8948655128479, -131.7244415283203) (0.0, 0.4378120005130768, 0.0, 0.7071067690849304) 1.203461766242981
flower_red (-330.20245361328125, 7.8948655128479, -127.31114196777344) (0.0, 0.5588111281394958, 0.0, 0.7071067690849304) 0.6726044416427612
flower_red (-306.0132141113281, 7.8948655128479, -134.2727813720703) (0.0, 0.5035779476165771, 0.0, 0.7071067690849304) 0.8199113607406616
flower_red (-263.89349365234375, 7.9185333251953125, -121.52096557617188) (0.0, 0.2221933752298355, 0.0, 0.7071067690849304) 1.1853511333465576
flower_red (-272.6217041015625, 7.916552543640137, -109.31327819824219) (0.0, 0.4458993971347809, 0.0, 0.7071067690849304) 1.242560863494873
flower_red (-329.8101501464844, 7.8948655128479, -137.89405822753906) (0.0, 0.4707532227039337, 0.0, 0.7071067690849304) 0.8932856321334839
flower_red (-319.1896057128906, 7.8948655128479, -127.40599822998047) (0.0, 0.023362841457128525, 0.0, 0.7071067690849304) 0.9712859392166138
flower_red (-321.2557373046875, 7.8948655128479, -138.1033935546875) (0.0, 0.4712577164173126, 0.0, 0.7071067690849304) 0.9415196180343628
flower_red (-311.9486083984375, 7.90432596206665, -119.1478042602539) (0.0, 0.5935248136520386, 0.0, 0.7071067690849304) 1.1761784553527832
flower_red (-310.7993469238281, 7.8948655128479, -127.96092224121094) (0.0, 0.644578218460083, 0.0, 0.7071067690849304) 0.8933639526367188
flower_red (-317.81988525390625, 7.8948655128479, -145.974609375) (0.0, 0.018980158492922783, 0.0, 0.7071067690849304) 1.2113678455352783
flower_red (-310.60003662109375, 7.8948655128479, -142.4613037109375) (0.0, 0.6784554123878479, 0.0, 0.7071067690849304) 1.1308434009552002
flower_red (-315.6340026855469, 7.8948655128479, -129.35137939453125) (0.0, 0.5558439493179321, 0.0, 0.7071067690849304) 1.232422113418579
flower_red (-276.0305480957031, 7.937438011169434, -113.47457885742188) (0.0, 0.3844795525074005, 0.0, 0.7071067690849304) 0.5679152011871338
flower_red (-334.5076904296875, 7.8948655128479, -143.29493713378906) (0.0, 0.655308187007904, 0.0, 0.7071067690849304) 1.0070395469665527
flower_red (-319.3837890625, 7.8948655128479, -144.6030731201172) (0.0, 0.10569518804550171, 0.0, 0.7071067690849304) 0.7917324304580688
flower_red (-253.72677612304688, 7.937438011169434, -112.631591796875) (0.0, 0.0008834822219796479, 0.0, 0.7071067690849304) 0.7559477090835571
flower_red (-329.6366882324219, 7.8948655128479, -133.0467987060547) (0.0, 0.2970755994319916, 0.0, 0.7071067690849304) 0.7571938037872314
flower_red (-267.3837585449219, 7.927977561950684, -116.62345886230469) (0.0, 0.1361345648765564, 0.0, 0.7071067690849304) 0.7614649534225464
flower_red (-285.31097412109375, 8.020112037658691, -82.66657257080078) (0.0, 0.5803583860397339, 0.0, 0.7071067690849304) 0.9158618450164795
flower_red (-311.81341552734375, 7.8948655128479, -130.7979278564453) (0.0, 0.5407314896583557, 0.0, 0.7071067690849304) 0.6188209652900696
flower_red (-269.9247741699219, 7.921695232391357, -114.00493621826172) (0.0, 0.41958239674568176, 0.0, 0.7071067690849304) 0.6310912370681763
flower_red (-316.9471740722656, 7.8948655128479, -124.93228912353516) (0.0, 0.1639799028635025, 0.0, 0.7071067690849304) 0.5373759269714355
flower_red (-314.1594543457031, 7.8948655128479, -134.66737365722656) (0.0, 0.29402878880500793, 0.0, 0.7071067690849304) 0.7080627083778381
flower_red (-305.6398010253906, 7.8948655128479, -127.51898193359375) (0.0, 0.19483855366706848, 0.0, 0.7071067690849304) 1.0784467458724976
flower_red (-337.2488098144531, 7.8948655128479, -142.0313720703125) (0.0, 0.10789339989423752, 0.0, 0.7071067690849304) 0.7847442626953125
flower_red (-331.056640625, 7.8948655128479, -133.74644470214844) (0.0, 0.06817876547574997, 0.0, 0.7071067690849304) 1.044492244720459
flower_red (-312.86370849609375, 7.899595737457275, -122.02283477783203) (0.0, 0.5377346277236938, 0.0, 0.7071067690849304) 1.0723153352737427
flower_red (-267.34130859375, 7.8948655128479, -108.9833984375) (0.0, 0.09169552475214005, 0.0, 0.7071067690849304) 1.1004087924957275
flower_red (-308.7049865722656, 7.8948655128479, -144.70372009277344) (0.0, 0.5881999135017395, 0.0, 0.7071067690849304) 0.8177846670150757
flower_red (-320.9164123535156, 7.8948655128479, -154.47091674804688) (0.0, 0.24777752161026, 0.0, 0.7071067690849304) 0.6112489700317383
flower_red (-323.9888000488281, 7.8948655128479, -132.9202117919922) (0.0, 0.35534876585006714, 0.0, 0.7071067690849304) 1.0528593063354492
flower_red (-314.4640808105469, 7.8948655128479, -154.83978271484375) (0.0, 0.23343470692634583, 0.0, 0.7071067690849304) 0.7453429698944092
flower_red (-315.5295104980469, 7.8948655128479, -136.31105041503906) (0.0, 0.358890175819397, 0.0, 0.7071067690849304) 0.9582146406173706
flower_red (-302.759521484375, 7.899595737457275, -125.91263580322266) (0.0, 0.48471808433532715, 0.0, 0.7071067690849304) 0.7482123374938965
flower_red (-315.4595642089844, 7.8948655128479, -144.13973999023438) (0.0, 0.42223647236824036, 0.0, 0.7071067690849304) 0.9575681686401367
flower_red (-327.3835144042969, 7.8948655128479, -134.7822265625) (0.0, 0.12485742568969727, 0.0, 0.7071067690849304) 0.6507856845855713
flower_red (-257.4092712402344, 7.932707786560059, -111.54556274414062) (0.0, 0.03413153067231178, 0.0, 0.7071067690849304) 1.2495434284210205
flower_red (-315.126708984375, 7.8948655128479, -135.04225158691406) (0.0, 0.03974161297082901, 0.0, 0.7071067690849304) 0.802196741104126
flower_red (-316.3639831542969, 7.899595737457275, -120.50115966796875) (0.0, 0.3336038589477539, 0.0, 0.7071067690849304) 0.7811386585235596
flower_red (-256.7555847167969, 7.8948655128479, -101.15143585205078) (0.0, 0.15895633399486542, 0.0, 0.7071067690849304) 1.054846167564392
flower_red (-316.4744873046875, 7.8948655128479, -146.52487182617188) (0.0, 0.029084444046020508, 0.0, 0.7071067690849304) 0.8506661057472229
flower_red (-336.9667053222656, 7.8948655128479, -147.04653930664062) (0.0, 0.5199324488639832, 0.0, 0.7071067690849304) 1.0091304779052734
flower_red (-319.5013427734375, 7.8948655128479, -148.455322265625) (0.0, 0.366556853055954, 0.0, 0.7071067690849304) 0.5426770448684692
flower_red (-321.10589599609375, 7.8948655128479, -124.63214874267578) (0.0, 0.6340695023536682, 0.0, 0.7071067690849304) 0.7692272663116455
flower_red (-330.23883056640625, 7.8948655128479, -134.5437469482422) (0.0, 0.6489277482032776, 0.0, 0.7071067690849304) 0.600466251373291
flower_red (-301.2762145996094, 7.909056186676025, -120.62564849853516) (0.0, 0.3104780316352844, 0.0, 0.7071067690849304) 0.9040774703025818
flower_red (-312.01483154296875, 7.8948655128479, -152.4370574951172) (0.0, 0.6262099146842957, 0.0, 0.7071067690849304) 0.7399401664733887
flower_red (-265.8581237792969, 7.919046401977539, -114.41507720947266) (0.0, 0.5044981241226196, 0.0, 0.7071067690849304) 1.052632212638855
flower_red (-314.0748291015625, 7.8948655128479, -142.61260986328125) (0.0, 0.4405578076839447, 0.0, 0.7071067690849304) 1.1841955184936523
flower_red (-315.98382568359375, 7.8948655128479, -129.95037841796875) (0.0, 0.6185644865036011, 0.0, 0.7071067690849304) 1.2208917140960693
flower_red (-314.659423828125, 7.8948655128479, -141.4725799560547) (0.0, 0.22737668454647064, 0.0, 0.7071067690849304) 0.7543817758560181
flower_red (-315.2769775390625, 7.8948655128479, -149.0818328857422) (0.0, 0.6408291459083557, 0.0, 0.7071067690849304) 1.1239345073699951
flower_red (-331.1731872558594, 7.8948655128479, -133.6259307861328) (0.0, 0.46649110317230225, 0.0, 0.7071067690849304) 0.6516966819763184
flower_red (-316.762939453125, 7.8948655128479, -130.8431854248047) (0.0, 0.45745715498924255, 0.0, 0.7071067690849304) 1.2115308046340942
flower_red (-305.2984619140625, 7.900883197784424, -122.85399627685547) (0.0, 0.15891562402248383, 0.0, 0.7071067690849304) 0.5452120304107666
flower_red (-313.9410095214844, 7.8948655128479, -136.37908935546875) (0.0, 0.07614468783140182, 0.0, 0.7071067690849304) 0.7692922353744507
flower_red (-256.24285888671875, 7.8948655128479, -95.10850524902344) (0.0, 0.2951194643974304, 0.0, 0.7071067690849304) 0.7925543785095215
flower_red (-337.58319091796875, 7.8948655128479, -143.31207275390625) (0.0, 0.5112432241439819, 0.0, 0.7071067690849304) 0.5177102088928223
flower_red (-304.3905029296875, 7.8948655128479, -132.6505584716797) (0.0, 0.5078247785568237, 0.0, 0.7071067690849304) 0.5258867144584656
flower_red (-338.2173156738281, 7.8948655128479, -146.3880615234375) (0.0, 0.38717544078826904, 0.0, 0.7071067690849304) 0.7186664342880249
flower_red (-316.6796569824219, 7.8948655128479, -137.06939697265625) (0.0, 0.38608965277671814, 0.0, 0.7071067690849304) 1.0862756967544556
flower_red (-264.6623229980469, 7.919830799102783, -113.90581512451172) (0.0, 0.09997265785932541, 0.0, 0.7071067690849304) 1.0224649906158447
flower_red (-320.5652160644531, 7.8948655128479, -135.17626953125) (0.0, 0.47003716230392456, 0.0, 0.7071067690849304) 0.8661656975746155
flower_red (-252.1544647216797, 7.948485374450684, -113.11152648925781) (0.0, 0.4002886712551117, 0.0, 0.7071067690849304) 0.9521610736846924
flower_red (-324.5518798828125, 7.8948655128479, -138.51138305664062) (0.0, 0.44896483421325684, 0.0, 0.7071067690849304) 0.5538516044616699
flower_red (-335.2118225097656, 7.8948655128479, -147.19671630859375) (0.0, 0.3784733712673187, 0.0, 0.7071067690849304) 1.2408998012542725
flower_red (-318.285888671875, 7.8948655128479, -127.28753662109375) (0.0, 0.333514004945755, 0.0, 0.7071067690849304) 0.976922869682312
flower_red (-312.40545654296875, 7.8948655128479, -142.9876708984375) (0.0, 0.6277326345443726, 0.0, 0.7071067690849304) 1.1900931596755981
flower_red (-328.97930908203125, 7.8948655128479, -124.44821166992188) (0.0, 0.21428637206554413, 0.0, 0.7071067690849304) 0.8599848747253418
flower_red (-322.7981872558594, 7.8948655128479, -156.3739471435547) (0.0, 0.1504206657409668, 0.0, 0.7071067690849304) 0.7086578011512756
flower_red (-305.4589538574219, 7.8948655128479, -134.0414276123047) (0.0, 0.4662080407142639, 0.0, 0.7071067690849304) 1.2154613733291626
flower_red (-311.42144775390625, 7.8948655128479, -148.01695251464844) (0.0, 0.5705267786979675, 0.0, 0.7071067690849304) 0.6633169651031494
flower_red (-335.2036437988281, 7.8948655128479, -131.21044921875) (0.0, 0.3426373600959778, 0.0, 0.7071067690849304) 0.577031135559082
flower_red (-255.9821014404297, 7.8948655128479, -102.3370590209961) (0.0, 0.0764826238155365, 0.0, 0.7071067690849304) 1.0006277561187744
flower_red (-324.5672607421875, 7.8948655128479, -130.1737060546875) (0.0, 0.4736829400062561, 0.0, 0.7071067690849304) 0.9710521697998047
flower_red (-262.46875, 7.904440879821777, -104.50008392333984) (0.0, 0.5651036500930786, 0.0, 0.7071067690849304) 0.7694209218025208
flower_red (-303.8106689453125, 7.899595737457275, -126.32134246826172) (0.0, 0.46826183795928955, 0.0, 0.7071067690849304) 1.2217869758605957
flower_red (-311.1743469238281, 7.8948655128479, -139.71310424804688) (0.0, 0.45015749335289, 0.0, 0.7071067690849304) 1.059224247932434
flower_red (-315.79901123046875, 7.8948655128479, -138.04248046875) (0.0, 0.6853795051574707, 0.0, 0.7071067690849304) 0.799735426902771
flower_red (-316.6961669921875, 7.8948655128479, -156.4210968017578) (0.0, 0.3528951406478882, 0.0, 0.7071067690849304) 0.8409897089004517
flower_red (-260.0908203125, 7.937150955200195, -117.15990447998047) (0.0, 0.0007682527648285031, 0.0, 0.7071067690849304) 0.9576218128204346
flower_red (-309.37152099609375, 7.8948655128479, -139.2687225341797) (0.0, 0.560723602771759, 0.0, 0.7071067690849304) 0.7571676969528198
flower_red (-313.10052490234375, 7.8948655128479, -140.08164978027344) (0.0, 0.5173425078392029, 0.0, 0.7071067690849304) 1.2040458917617798
flower_red (-308.6507263183594, 7.907876014709473, -119.36882019042969) (0.0, 0.00029991698102094233, 0.0, 0.7071067690849304) 1.2490825653076172
flower_red (-310.6479187011719, 7.8948655128479, -143.86180114746094) (0.0, 0.6395647525787354, 0.0, 0.7071067690849304) 0.5256696343421936
flower_red (-309.9697265625, 7.8948655128479, -148.2095947265625) (0.0, 0.34173980355262756, 0.0, 0.7071067690849304) 1.1394670009613037
flower_red (-333.10443115234375, 7.8948655128479, -128.18252563476562) (0.0, 0.32975026965141296, 0.0, 0.7071067690849304) 0.502666711807251
flower_red (-315.4786682128906, 7.8948655128479, -151.4405975341797) (0.0, 0.2721001207828522, 0.0, 0.7071067690849304) 0.7197368144989014
flower_red (-268.0345153808594, 7.9166789054870605, -114.012451171875) (0.0, 0.2644466161727905, 0.0, 0.7071067690849304) 0.8381534814834595
flower_red (-312.9213562011719, 7.904229640960693, -119.13883972167969) (0.0, 0.40911221504211426, 0.0, 0.7071067690849304) 0.6823524236679077
flower_red (-315.5533752441406, 7.8948655128479, -130.6906280517578) (0.0, 0.4210610091686249, 0.0, 0.7071067690849304) 0.6148176789283752
flower_red (-319.86810302734375, 7.8948655128479, -127.35286712646484) (0.0, 0.1042715534567833, 0.0, 0.7071067690849304) 0.8535162210464478
flower_red (-316.5599670410156, 7.8948655128479, -135.1745147705078) (0.0, 0.3354043662548065, 0.0, 0.7071067690849304) 0.6464906334877014
flower_red (-270.4374084472656, 7.931171417236328, -114.9967041015625) (0.0, 0.2159181386232376, 0.0, 0.7071067690849304) 0.8407405614852905
flower_red (-304.5490417480469, 7.8948655128479, -129.6481170654297) (0.0, 0.5710843205451965, 0.0, 0.7071067690849304) 0.8760955929756165
flower_red (-263.15045166015625, 7.913608074188232, -123.00521087646484) (0.0, 0.10338933765888214, 0.0, 0.7071067690849304) 0.8803855180740356
flower_red (-305.269287109375, 7.8948655128479, -137.72439575195312) (0.0, 0.6104117631912231, 0.0, 0.7071067690849304) 0.999680757522583
flower_red (-265.2198181152344, 7.8948655128479, -98.86211395263672) (0.0, 0.035800039768218994, 0.0, 0.7071067690849304) 0.527036190032959
flower_red (-250.21469116210938, 8.00881576538086, -115.8283920288086) (0.0, 0.06064847111701965, 0.0, 0.7071067690849304) 1.125413417816162
flower_red (-261.7350769042969, 7.936041831970215, -116.3644790649414) (0.0, 0.5900357961654663, 0.0, 0.7071067690849304) 1.2111787796020508
flower_red (-312.2049560546875, 7.8948655128479, -148.3275604248047) (0.0, 0.1087796688079834, 0.0, 0.7071067690849304) 0.5110851526260376
flower_red (-316.95855712890625, 7.8948655128479, -140.9327392578125) (0.0, 0.20149751007556915, 0.0, 0.7071067690849304) 1.2011563777923584
flower_red (-272.9967346191406, 7.911769390106201, -108.50301361083984) (0.0, 0.3667754530906677, 0.0, 0.7071067690849304) 0.7882629036903381
flower_red (-264.8149719238281, 7.8948655128479, -101.47371673583984) (0.0, 0.687079906463623, 0.0, 0.7071067690849304) 0.5612331628799438
flower_red (-313.64910888671875, 7.8948655128479, -127.8112564086914) (0.0, 0.5958831906318665, 0.0, 0.7071067690849304) 1.182084560394287
flower_red (-337.797119140625, 7.890134811401367, -132.05218505859375) (0.0, 0.08908587694168091, 0.0, 0.7071067690849304) 1.1286903619766235
flower_red (-333.5204162597656, 7.8948655128479, -146.7596893310547) (0.0, 0.0666474848985672, 0.0, 0.7071067690849304) 0.6810792684555054
flower_red (-334.8371276855469, 7.890134811401367, -126.95487976074219) (0.0, 0.16623686254024506, 0.0, 0.7071067690849304) 1.0095139741897583
flower_red (-332.46856689453125, 7.8948655128479, -126.19820404052734) (0.0, 0.5266265273094177, 0.0, 0.7071067690849304) 1.017547845840454
flower_red (-310.67706298828125, 7.899595737457275, -121.30531311035156) (0.0, 0.29224658012390137, 0.0, 0.7071067690849304) 0.8443964719772339
flower_red (-272.2260437011719, 7.908068656921387, -108.2323226928711) (0.0, 0.4553928077220917, 0.0, 0.7071067690849304) 1.0719116926193237
flower_red (-265.89727783203125, 7.8948655128479, -105.6531982421875) (0.0, 0.2780361771583557, 0.0, 0.7071067690849304) 0.6927458047866821
flower_red (-323.4005432128906, 7.8948655128479, -122.4133071899414) (0.0, 0.4676281213760376, 0.0, 0.7071067690849304) 0.870833158493042
flower_red (-327.9337158203125, 7.8948655128479, -135.4664306640625) (0.0, 0.2275589257478714, 0.0, 0.7071067690849304) 1.0779085159301758
flower_red (-269.2223815917969, 7.8948655128479, -108.64019775390625) (0.0, 0.472424179315567, 0.0, 0.7071067690849304) 1.0423142910003662
flower_red (-314.9356384277344, 7.8948655128479, -126.22612762451172) (0.0, 0.4644317030906677, 0.0, 0.7071067690849304) 0.8730309009552002
flower_red (-329.46551513671875, 7.8948655128479, -134.18104553222656) (0.0, 0.5354118943214417, 0.0, 0.7071067690849304) 0.5269092321395874
flower_red (-325.152587890625, 7.8948655128479, -125.16954803466797) (0.0, 0.2941736876964569, 0.0, 0.7071067690849304) 0.9761723279953003
flower_red (-308.7869873046875, 7.8948655128479, -137.19374084472656) (0.0, 0.6876466274261475, 0.0, 0.7071067690849304) 0.9269373416900635
flower_red (-304.7731628417969, 7.899595737457275, -124.0439453125) (0.0, 0.2648947834968567, 0.0, 0.7071067690849304) 1.1135547161102295
flower_red (-267.0281982421875, 7.8948655128479, -107.04281616210938) (0.0, 0.6393299102783203, 0.0, 0.7071067690849304) 1.2465938329696655
flower_red (-317.4877624511719, 7.8948655128479, -141.63876342773438) (0.0, 0.33402103185653687, 0.0, 0.7071067690849304) 0.9214445352554321
flower_red (-304.59027099609375, 7.909056186676025, -120.95731353759766) (0.0, 0.5118439793586731, 0.0, 0.7071067690849304) 0.7239077091217041
flower_red (-264.6371154785156, 7.932707786560059, -118.51679992675781) (0.0, 0.004065569024533033, 0.0, 0.7071067690849304) 0.9801671504974365
flower_red (-255.7517852783203, 7.8948655128479, -101.33531951904297) (0.0, 0.32494521141052246, 0.0, 0.7071067690849304) 1.2462562322616577
flower_red (-307.80279541015625, 7.901852130889893, -122.2659683227539) (0.0, 0.2538938820362091, 0.0, 0.7071067690849304) 0.9003145098686218
flower_red (-304.14837646484375, 7.906586647033691, -121.28945922851562) (0.0, 0.410449355840683, 0.0, 0.7071067690849304) 1.047228217124939
flower_red (-321.31243896484375, 7.8948655128479, -137.99761962890625) (0.0, 0.5754632949829102, 0.0, 0.7071067690849304) 0.6094274520874023
flower_red (-332.7823181152344, 7.8948655128479, -135.27244567871094) (0.0, 0.17582139372825623, 0.0, 0.7071067690849304) 1.1906148195266724
flower_red (-273.6983947753906, 7.922741889953613, -109.53820037841797) (0.0, 0.18583084642887115, 0.0, 0.7071067690849304) 1.146364688873291
flower_red (-312.7723388671875, 7.8948655128479, -137.16360473632812) (0.0, 0.36129751801490784, 0.0, 0.7071067690849304) 1.216494083404541
flower_red (-326.48236083984375, 7.8948655128479, -127.49794006347656) (0.0, 0.6145994663238525, 0.0, 0.7071067690849304) 0.5869956016540527
flower_red (-315.2440185546875, 7.8948655128479, -136.06015014648438) (0.0, 0.45253846049308777, 0.0, 0.7071067690849304) 0.8047158718109131
flower_red (-325.50872802734375, 7.8948655128479, -128.33348083496094) (0.0, 0.30200162529945374, 0.0, 0.7071067690849304) 0.9592547416687012
flower_red (-327.04193115234375, 7.899595737457275, -117.1845474243164) (0.0, 0.6955280303955078, 0.0, 0.7071067690849304) 1.2158609628677368
flower_red (-333.7231140136719, 7.8948655128479, -130.4491424560547) (0.0, 0.6154555082321167, 0.0, 0.7071067690849304) 1.138778567314148
flower_red (-273.39385986328125, 7.937438011169434, -112.68648529052734) (0.0, 0.5679190754890442, 0.0, 0.7071067690849304) 0.5809570550918579
flower_red (-310.50335693359375, 7.8948655128479, -128.14358520507812) (0.0, 0.5974790453910828, 0.0, 0.7071067690849304) 0.8443200588226318
flower_red (-256.6382141113281, 7.8948655128479, -104.01150512695312) (0.0, 0.087250716984272, 0.0, 0.7071067690849304) 0.7146275043487549
flower_red (-273.07672119140625, 7.937438011169434, -115.46212768554688) (0.0, 0.11026239395141602, 0.0, 0.7071067690849304) 0.7366523742675781
flower_red (-267.2945251464844, 7.8948655128479, -110.82530212402344) (0.0, 0.6477533578872681, 0.0, 0.7071067690849304) 1.0325638055801392
flower_red (-325.6903991699219, 7.8948655128479, -130.7991180419922) (0.0, 0.4662931561470032, 0.0, 0.7071067690849304) 1.099256157875061
flower_red (-329.58514404296875, 7.8948655128479, -125.27415466308594) (0.0, 0.3348362147808075, 0.0, 0.7071067690849304) 0.8312193751335144
flower_red (-314.81170654296875, 7.8948655128479, -139.17636108398438) (0.0, 0.563619077205658, 0.0, 0.7071067690849304) 0.5888428092002869
flower_red (-318.5926818847656, 7.8948655128479, -134.339599609375) (0.0, 0.3947042226791382, 0.0, 0.7071067690849304) 0.551860511302948
flower_red (-306.172607421875, 7.8948655128479, -139.82191467285156) (0.0, 0.5944373607635498, 0.0, 0.7071067690849304) 1.0191893577575684
flower_red (-315.23333740234375, 7.8948655128479, -133.3399658203125) (0.0, 0.45504072308540344, 0.0, 0.7071067690849304) 0.5998620986938477
flower_red (-317.19775390625, 7.8948655128479, -132.17819213867188) (0.0, 0.11677736788988113, 0.0, 0.7071067690849304) 1.061137080192566
flower_red (-335.5930480957031, 7.8948655128479, -131.14700317382812) (0.0, 0.4359155595302582, 0.0, 0.7071067690849304) 1.1513484716415405
flower_red (-336.84027099609375, 7.8948655128479, -147.0764617919922) (0.0, 0.47441941499710083, 0.0, 0.7071067690849304) 0.7479451894760132
flower_red (-263.7187194824219, 7.8948655128479, -99.6478500366211) (0.0, 0.6455489993095398, 0.0, 0.7071067690849304) 0.8559568524360657
flower_red (-268.472900390625, 7.8948655128479, -104.83607482910156) (0.0, 0.09498947113752365, 0.0, 0.7071067690849304) 1.249751329421997
flower_red (-306.6043701171875, 7.8948655128479, -145.26016235351562) (0.0, 0.6421319246292114, 0.0, 0.7071067690849304) 0.6477856636047363
flower_red (-260.8430480957031, 7.925766468048096, -110.72516632080078) (0.0, 0.6863787770271301, 0.0, 0.7071067690849304) 0.6811844706535339
flower_red (-320.37908935546875, 7.8948655128479, -130.05801391601562) (0.0, 0.3407404124736786, 0.0, 0.7071067690849304) 0.8200397491455078
flower_red (-332.35443115234375, 7.8948655128479, -134.04592895507812) (0.0, 0.2113461196422577, 0.0, 0.7071067690849304) 0.8312204480171204
flower_red (-315.9859313964844, 7.8948655128479, -127.24119567871094) (0.0, 0.4326316714286804, 0.0, 0.7071067690849304) 0.5563805103302002
flower_red (-335.0997009277344, 7.8948655128479, -146.4853057861328) (0.0, 0.13264194130897522, 0.0, 0.7071067690849304) 1.1280250549316406
flower_red (-331.4739990234375, 7.8948655128479, -128.14230346679688) (0.0, 0.1424999237060547, 0.0, 0.7071067690849304) 0.6985974311828613
flower_red (-255.7174530029297, 7.8948655128479, -105.48931121826172) (0.0, 0.6943839192390442, 0.0, 0.7071067690849304) 0.9182542562484741
flower_red (-317.1249084472656, 7.8948655128479, -136.02081298828125) (0.0, 0.06099238991737366, 0.0, 0.7071067690849304) 0.5200470685958862
flower_red (-330.6156311035156, 7.8948655128479, -140.18824768066406) (0.0, 0.04220340773463249, 0.0, 0.7071067690849304) 0.7829410433769226
flower_red (-327.7530212402344, 7.8948655128479, -139.19049072265625) (0.0, 0.5265952944755554, 0.0, 0.7071067690849304) 0.5204446911811829
flower_red (-314.2889709472656, 7.8948655128479, -134.2874755859375) (0.0, 0.4613305330276489, 0.0, 0.7071067690849304) 0.5423862338066101
flower_red (-324.2809753417969, 7.8948655128479, -124.95955657958984) (0.0, 0.47011107206344604, 0.0, 0.7071067690849304) 1.1907554864883423
flower_red (-306.0896301269531, 7.8948655128479, -142.50474548339844) (0.0, 0.14327922463417053, 0.0, 0.7071067690849304) 1.0280157327651978
flower_red (-312.1256103515625, 7.8948655128479, -133.21575927734375) (0.0, 0.23328246176242828, 0.0, 0.7071067690849304) 1.1137622594833374
flower_red (-307.3741149902344, 7.8948655128479, -137.65231323242188) (0.0, 0.5477820038795471, 0.0, 0.7071067690849304) 1.0562715530395508
flower_red (-283.162841796875, 8.030131340026855, -82.56891632080078) (0.0, 0.24377408623695374, 0.0, 0.7071067690849304) 0.7163718938827515
flower_red (-271.0229187011719, 7.932707786560059, -116.05706787109375) (0.0, 0.4666346311569214, 0.0, 0.7071067690849304) 0.9870666265487671
flower_red (-318.4395446777344, 7.8948655128479, -133.7083282470703) (0.0, 0.5914775729179382, 0.0, 0.7071067690849304) 1.1487345695495605
flower_red (-334.4255065917969, 7.8948655128479, -142.97398376464844) (0.0, 0.6762471199035645, 0.0, 0.7071067690849304) 1.2433959245681763
flower_red (-301.60076904296875, 7.909056186676025, -120.67943572998047) (0.0, 0.020828044041991234, 0.0, 0.7071067690849304) 0.7908598184585571
flower_red (-308.2412414550781, 7.90432596206665, -121.53935241699219) (0.0, 0.006860916968435049, 0.0, 0.7071067690849304) 0.5777591466903687
flower_red (-258.2712707519531, 7.9518327713012695, -88.10684204101562) (0.0, 0.14380428194999695, 0.0, 0.7071067690849304) 1.0264735221862793
flower_red (-328.6860046386719, 7.8948655128479, -125.08648681640625) (0.0, 0.5201919078826904, 0.0, 0.7071067690849304) 0.5157873630523682
flower_red (-321.1427917480469, 7.8948655128479, -132.04556274414062) (0.0, 0.3794762194156647, 0.0, 0.7071067690849304) 0.9968563318252563
flower_red (-260.202392578125, 7.931975841522217, -111.82621002197266) (0.0, 0.6600345373153687, 0.0, 0.7071067690849304) 1.2169957160949707
flower_red (-329.2886657714844, 7.8948655128479, -133.03184509277344) (0.0, 0.08305289596319199, 0.0, 0.7071067690849304) 0.6278185248374939
flower_red (-270.3924255371094, 7.895026683807373, -109.2542724609375) (0.0, 0.09435971081256866, 0.0, 0.7071067690849304) 0.5079555511474609
flower_red (-270.2140808105469, 7.8948655128479, -108.96807861328125) (0.0, 0.6367085576057434, 0.0, 0.7071067690849304) 0.6458303928375244
flower_red (-316.7732238769531, 7.8948655128479, -132.94610595703125) (0.0, 0.4576672315597534, 0.0, 0.7071067690849304) 0.8444191217422485
flower_red (-313.753173828125, 7.8948655128479, -136.76461791992188) (0.0, 0.5380382537841797, 0.0, 0.7071067690849304) 0.9785463213920593
flower_red (-318.11822509765625, 7.8948655128479, -126.8263168334961) (0.0, 0.3450481593608856, 0.0, 0.7071067690849304) 0.5473462343215942
flower_red (-327.91888427734375, 7.899595737457275, -116.60430145263672) (0.0, 0.4792003035545349, 0.0, 0.7071067690849304) 1.068721055984497
flower_red (-267.2005920410156, 7.900156021118164, -112.30770111083984) (0.0, 0.604653537273407, 0.0, 0.7071067690849304) 1.1421276330947876
flower_red (-278.609619140625, 7.932707786560059, -113.87649536132812) (0.0, 0.2931877076625824, 0.0, 0.7071067690849304) 0.7399499416351318
flower_red (-274.2163391113281, 7.942168235778809, -113.77930450439453) (0.0, 0.05966746062040329, 0.0, 0.7071067690849304) 1.2211883068084717
flower_red (-331.1405029296875, 7.8948655128479, -131.8455047607422) (0.0, 0.26656025648117065, 0.0, 0.7071067690849304) 0.7639592289924622
flower_red (-329.3240051269531, 7.8948655128479, -126.67951202392578) (0.0, 0.2296372652053833, 0.0, 0.7071067690849304) 0.6211947202682495
flower_red (-257.4675598144531, 7.8948655128479, -105.07771301269531) (0.0, 0.2658211886882782, 0.0, 0.7071067690849304) 1.1186349391937256
flower_red (-306.7849426269531, 7.899595737457275, -125.62606048583984) (0.0, 0.023662757128477097, 0.0, 0.7071067690849304) 0.5380808115005493
flower_red (-263.4268493652344, 7.903960227966309, -108.6313705444336) (0.0, 0.6107363104820251, 0.0, 0.7071067690849304) 0.8739233613014221
flower_red (-268.19061279296875, 7.8948655128479, -103.20240020751953) (0.0, 0.11368884891271591, 0.0, 0.7071067690849304) 0.8700634241104126
flower_red (-323.32098388671875, 7.8948655128479, -132.5587921142578) (0.0, 0.4978170692920685, 0.0, 0.7071067690849304) 0.6798950433731079
flower_red (-278.19549560546875, 7.932707786560059, -112.28385925292969) (0.0, 0.07669883221387863, 0.0, 0.7071067690849304) 0.87306147813797
flower_red (-278.46771240234375, 7.932707786560059, -113.76660919189453) (0.0, 0.5022185444831848, 0.0, 0.7071067690849304) 0.9627832174301147
flower_red (-331.92437744140625, 7.8948655128479, -123.42652893066406) (0.0, 0.2010004222393036, 0.0, 0.7071067690849304) 0.769334077835083
flower_red (-269.6495056152344, 7.928929805755615, -115.85810852050781) (0.0, 0.46238404512405396, 0.0, 0.7071067690849304) 1.2170922756195068
flower_red (-312.9425048828125, 7.894959449768066, -123.95319366455078) (0.0, 0.5875821113586426, 0.0, 0.7071067690849304) 1.0070955753326416
flower_red (-310.9148864746094, 7.8948655128479, -150.669189453125) (0.0, 0.5846187472343445, 0.0, 0.7071067690849304) 0.7905248999595642
flower_red (-261.8949279785156, 7.8948655128479, -95.99471282958984) (0.0, 0.02989644557237625, 0.0, 0.7071067690849304) 1.0047674179077148
flower_red (-313.17633056640625, 7.8948655128479, -132.24905395507812) (0.0, 0.6231557130813599, 0.0, 0.7071067690849304) 0.588761568069458
flower_red (-313.501708984375, 7.8948655128479, -145.27639770507812) (0.0, 0.05537429824471474, 0.0, 0.7071067690849304) 0.7181745767593384
flower_red (-310.302734375, 7.8948655128479, -128.50233459472656) (0.0, 0.264969140291214, 0.0, 0.7071067690849304) 1.039928674697876
flower_red (-310.737060546875, 7.898711204528809, -124.58130645751953) (0.0, 0.275025874376297, 0.0, 0.7071067690849304) 0.7215424180030823
flower_red (-274.3857421875, 7.942168235778809, -113.37983703613281) (0.0, 0.4460989236831665, 0.0, 0.7071067690849304) 0.7987061738967896
flower_red (-251.2969970703125, 7.962400436401367, -115.21747589111328) (0.0, 0.1510208398103714, 0.0, 0.7071067690849304) 0.9561627507209778
flower_red (-335.91729736328125, 7.8948655128479, -146.76710510253906) (0.0, 0.049879953265190125, 0.0, 0.7071067690849304) 0.9780049324035645
flower_red (-314.67205810546875, 7.8948655128479, -136.07662963867188) (0.0, 0.23321697115898132, 0.0, 0.7071067690849304) 1.0456918478012085
flower_red (-263.2439880371094, 7.8948655128479, -99.89804077148438) (0.0, 0.5104852318763733, 0.0, 0.7071067690849304) 1.1374245882034302
flower_red (-267.1092834472656, 7.8948655128479, -108.96256256103516) (0.0, 0.25411757826805115, 0.0, 0.7071067690849304) 1.0060076713562012
flower_red (-318.6050720214844, 7.8948655128479, -131.86932373046875) (0.0, 0.48819780349731445, 0.0, 0.7071067690849304) 1.093429684638977
flower_red (-316.77056884765625, 7.8948655128479, -156.8038787841797) (0.0, 0.5370720624923706, 0.0, 0.7071067690849304) 0.990959644317627
flower_red (-275.09814453125, 7.918667316436768, -108.84913635253906) (0.0, 0.25093382596969604, 0.0, 0.7071067690849304) 0.8270766735076904
flower_red (-326.8609619140625, 7.8948655128479, -125.91815185546875) (0.0, 0.36068883538246155, 0.0, 0.7071067690849304) 0.9566652178764343
flower_red (-319.1806640625, 7.8948655128479, -148.92340087890625) (0.0, 0.15928322076797485, 0.0, 0.7071067690849304) 0.6651151776313782
flower_red (-303.6589050292969, 7.899595737457275, -125.47025299072266) (0.0, 0.5910958051681519, 0.0, 0.7071067690849304) 0.5541046261787415
flower_red (-256.7916564941406, 7.8948655128479, -103.6619873046875) (0.0, 0.5639342069625854, 0.0, 0.7071067690849304) 1.0762991905212402
flower_red (-263.12286376953125, 7.9083991050720215, -109.7694320678711) (0.0, 0.018007831647992134, 0.0, 0.7071067690849304) 1.1552354097366333
flower_red (-258.11480712890625, 7.8948655128479, -103.20574188232422) (0.0, 0.23803216218948364, 0.0, 0.7071067690849304) 0.6298550367355347
flower_red (-275.3197021484375, 7.937438011169434, -113.41229248046875) (0.0, 0.22700047492980957, 0.0, 0.7071067690849304) 0.6707785129547119
flower_red (-275.0278015136719, 7.9382429122924805, -114.51271057128906) (0.0, 0.30063921213150024, 0.0, 0.7071067690849304) 0.8025621175765991
flower_red (-310.0367736816406, 7.8948655128479, -135.62696838378906) (0.0, 0.29857534170150757, 0.0, 0.7071067690849304) 0.7629698514938354
flower_red (-304.9749755859375, 7.895244121551514, -126.03559875488281) (0.0, 0.49274712800979614, 0.0, 0.7071067690849304) 0.8104172348976135
flower_red (-265.7039794921875, 7.92324686050415, -120.84197998046875) (0.0, 0.4469580352306366, 0.0, 0.7071067690849304) 0.9505869150161743
flower_red (-329.3266906738281, 7.8948655128479, -157.9242401123047) (0.0, 0.5035775899887085, 0.0, 0.7071067690849304) 1.1365424394607544
flower_red (-305.63848876953125, 7.8948655128479, -127.67327117919922) (0.0, 0.3457100987434387, 0.0, 0.7071067690849304) 0.5368319749832153
flower_red (-311.4179382324219, 7.8948655128479, -134.76284790039062) (0.0, 0.5403507351875305, 0.0, 0.7071067690849304) 0.9944678544998169
flower_red (-312.62518310546875, 7.8948655128479, -126.83436584472656) (0.0, 0.6212873458862305, 0.0, 0.7071067690849304) 0.6822803020477295
flower_red (-257.2088317871094, 7.910773277282715, -91.57490539550781) (0.0, 0.44620293378829956, 0.0, 0.7071067690849304) 0.8460365533828735
flower_red (-313.48651123046875, 7.8948655128479, -151.14605712890625) (0.0, 0.06590831279754639, 0.0, 0.7071067690849304) 1.2148911952972412
flower_red (-250.69593811035156, 7.98007869720459, -114.97482299804688) (0.0, 0.15872663259506226, 0.0, 0.7071067690849304) 0.6082530617713928
flower_red (-279.25665283203125, 7.932707786560059, -114.42768859863281) (0.0, 0.23737002909183502, 0.0, 0.7071067690849304) 0.7560745477676392
flower_red (-306.897705078125, 7.8948655128479, -142.55764770507812) (0.0, 0.03388851135969162, 0.0, 0.7071067690849304) 1.0174990892410278
flower_red (-265.30255126953125, 7.8948655128479, -107.88556671142578) (0.0, 0.6118512749671936, 0.0, 0.7071067690849304) 0.7835602760314941
flower_red (-306.5608825683594, 7.8948655128479, -137.04013061523438) (0.0, 0.6616222262382507, 0.0, 0.7071067690849304) 0.8569067716598511
flower_red (-257.6971740722656, 7.909151554107666, -108.31260681152344) (0.0, 0.4707927703857422, 0.0, 0.7071067690849304) 1.247279405593872
flower_red (-305.9833679199219, 7.8948655128479, -136.169677734375) (0.0, 0.5458151698112488, 0.0, 0.7071067690849304) 1.177858591079712
flower_red (-264.33319091796875, 7.8948655128479, -107.45635986328125) (0.0, 0.650330662727356, 0.0, 0.7071067690849304) 0.9627105593681335
flower_red (-313.5570983886719, 7.8948655128479, -127.24199676513672) (0.0, 0.0591927170753479, 0.0, 0.7071067690849304) 0.6748213768005371
flower_red (-261.8874816894531, 7.895105838775635, -102.55223846435547) (0.0, 0.6658874154090881, 0.0, 0.7071067690849304) 1.0228285789489746
flower_red (-308.4752502441406, 7.899595737457275, -124.75251770019531) (0.0, 0.17251935601234436, 0.0, 0.7071067690849304) 0.5427547693252563
flower_red (-336.38018798828125, 7.894587993621826, -132.14195251464844) (0.0, 0.08634135872125626, 0.0, 0.7071067690849304) 0.8277587890625
flower_red (-263.04681396484375, 7.8948655128479, -102.65353393554688) (0.0, 0.2927294075489044, 0.0, 0.7071067690849304) 0.7398586273193359
flower_red (-321.46685791015625, 7.8948655128479, -134.56109619140625) (0.0, 0.14842316508293152, 0.0, 0.7071067690849304) 1.0711357593536377
flower_red (-265.93487548828125, 7.8948655128479, -100.36576080322266) (0.0, 0.38770920038223267, 0.0, 0.7071067690849304) 0.9729466438293457
flower_red (-307.51593017578125, 7.90432596206665, -121.45844268798828) (0.0, 0.2071997970342636, 0.0, 0.7071067690849304) 0.6644482612609863
flower_red (-259.76800537109375, 7.8948655128479, -94.45309448242188) (0.0, 0.003567224834114313, 0.0, 0.7071067690849304) 0.8756306171417236
flower_red (-258.2616882324219, 7.8948655128479, -95.22098541259766) (0.0, 0.3394615948200226, 0.0, 0.7071067690849304) 1.1128156185150146
flower_red (-317.57611083984375, 7.8948655128479, -122.35430145263672) (0.0, 0.10387520492076874, 0.0, 0.7071067690849304) 0.753851056098938
flower_red (-311.09375, 7.8948655128479, -143.86326599121094) (0.0, 0.35586708784103394, 0.0, 0.7071067690849304) 0.5427803993225098
flower_red (-257.9995422363281, 7.8948655128479, -99.953857421875) (0.0, 0.6633349657058716, 0.0, 0.7071067690849304) 1.1277294158935547
flower_red (-321.154296875, 7.8948655128479, -138.9330596923828) (0.0, 0.6588127017021179, 0.0, 0.7071067690849304) 0.8474847078323364
flower_red (-306.38421630859375, 7.8948655128479, -145.4853973388672) (0.0, 0.20030660927295685, 0.0, 0.7071067690849304) 0.6215704679489136
flower_red (-301.44256591796875, 7.918516635894775, -118.3405532836914) (0.0, 0.13203655183315277, 0.0, 0.7071067690849304) 0.5962516069412231
flower_red (-257.9179992675781, 7.931363105773926, -89.68195343017578) (0.0, 0.5648573637008667, 0.0, 0.7071067690849304) 1.233954668045044
flower_red (-262.19476318359375, 7.895684719085693, -103.08784484863281) (0.0, 0.051686953753232956, 0.0, 0.7071067690849304) 0.6366863250732422
flower_red (-332.66998291015625, 7.8948655128479, -128.74957275390625) (0.0, 0.11108004301786423, 0.0, 0.7071067690849304) 0.6883633136749268
flower_red (-314.5082092285156, 7.8948655128479, -152.01866149902344) (0.0, 0.12342982739210129, 0.0, 0.7071067690849304) 0.6382890939712524
flower_red (-311.7966613769531, 7.90432596206665, -118.97718811035156) (0.0, 0.34753111004829407, 0.0, 0.7071067690849304) 1.1745246648788452
flower_red (-278.1565246582031, 7.932707786560059, -114.6727523803711) (0.0, 0.22651241719722748, 0.0, 0.7071067690849304) 1.157727599143982
flower_red (-308.4958801269531, 7.8948655128479, -128.0177764892578) (0.0, 0.21498963236808777, 0.0, 0.7071067690849304) 1.232724666595459
flower_red (-334.0633544921875, 7.8948655128479, -148.66259765625) (0.0, 0.08484724909067154, 0.0, 0.7071067690849304) 0.8040598630905151
flower_red (-263.9605407714844, 7.932707786560059, -117.34214782714844) (0.0, 0.38440874218940735, 0.0, 0.7071067690849304) 0.5553162097930908
flower_red (-325.62200927734375, 7.8948655128479, -124.8196029663086) (0.0, 0.4566122889518738, 0.0, 0.7071067690849304) 0.7190531492233276
flower_red (-326.5174560546875, 7.8948655128479, -135.4053955078125) (0.0, 0.613717794418335, 0.0, 0.7071067690849304) 0.7127159833908081
flower_red (-252.16311645507812, 7.944361209869385, -111.86626434326172) (0.0, 0.000568476680200547, 0.0, 0.7071067690849304) 0.513837456703186
flower_red (-317.7909240722656, 7.8948655128479, -150.24188232421875) (0.0, 0.3980748653411865, 0.0, 0.7071067690849304) 0.6727691292762756
flower_red (-265.6798400878906, 7.8948655128479, -111.29096221923828) (0.0, 0.6382021307945251, 0.0, 0.7071067690849304) 0.6545435190200806
flower_red (-311.31536865234375, 7.8948655128479, -126.12417602539062) (0.0, 0.021015936508774757, 0.0, 0.7071067690849304) 0.8731107711791992
flower_red (-305.4393005371094, 7.8948655128479, -128.11207580566406) (0.0, 0.16057941317558289, 0.0, 0.7071067690849304) 1.0166645050048828
flower_red (-333.7210998535156, 7.8948655128479, -131.96485900878906) (0.0, 0.4728163182735443, 0.0, 0.7071067690849304) 0.8587514162063599
flower_red (-267.68682861328125, 7.906247138977051, -112.93617248535156) (0.0, 0.6038753986358643, 0.0, 0.7071067690849304) 0.6607450246810913
flower_red (-268.2120666503906, 7.8948655128479, -101.34950256347656) (0.0, 0.1203109622001648, 0.0, 0.7071067690849304) 0.981056809425354
flower_red (-272.4556884765625, 7.937438011169434, -114.70845031738281) (0.0, 0.0861322283744812, 0.0, 0.7071067690849304) 0.752194344997406
flower_red (-323.7729797363281, 7.8948655128479, -135.63877868652344) (0.0, 0.340938925743103, 0.0, 0.7071067690849304) 0.5650265216827393
flower_red (-314.8846740722656, 7.8948655128479, -126.72260284423828) (0.0, 0.1447439044713974, 0.0, 0.7071067690849304) 0.8138885498046875
flower_red (-268.1714782714844, 7.9172797203063965, -114.0744400024414) (0.0, 0.1269102245569229, 0.0, 0.7071067690849304) 0.5171642303466797
flower_red (-320.62841796875, 7.8948655128479, -141.19223022460938) (0.0, 0.24214763939380646, 0.0, 0.7071067690849304) 1.1061831712722778
flower_red (-314.11767578125, 7.899595737457275, -121.48782348632812) (0.0, 0.43658140301704407, 0.0, 0.7071067690849304) 0.8773210048675537
flower_red (-318.18157958984375, 7.8948655128479, -150.8986053466797) (0.0, 0.6498932838439941, 0.0, 0.7071067690849304) 0.9076297283172607
flower_red (-263.7037658691406, 7.902769088745117, -108.8575439453125) (0.0, 0.06285831332206726, 0.0, 0.7071067690849304) 0.574666440486908
flower_red (-275.7148742675781, 7.919155120849609, -108.89947509765625) (0.0, 0.5289279222488403, 0.0, 0.7071067690849304) 0.90110182762146
flower_red (-265.07867431640625, 7.8948655128479, -110.58890533447266) (0.0, 0.05720515921711922, 0.0, 0.7071067690849304) 1.2485991716384888
flower_red (-308.118408203125, 7.8948655128479, -140.74928283691406) (0.0, 0.6789352893829346, 0.0, 0.7071067690849304) 1.2219200134277344
flower_red (-312.3607177734375, 7.8948655128479, -134.92425537109375) (0.0, 0.3848114311695099, 0.0, 0.7071067690849304) 0.6270991563796997
flower_red (-329.80889892578125, 7.8948655128479, -139.77581787109375) (0.0, 0.209666907787323, 0.0, 0.7071067690849304) 0.6311290860176086
flower_red (-332.18621826171875, 7.8948655128479, -144.3455810546875) (0.0, 0.4558876156806946, 0.0, 0.7071067690849304) 0.7438102960586548
flower_red (-316.1168212890625, 7.8948655128479, -142.64779663085938) (0.0, 0.3346705734729767, 0.0, 0.7071067690849304) 1.0213289260864258
flower_red (-310.2919921875, 7.9092817306518555, -117.99651336669922) (0.0, 0.611888587474823, 0.0, 0.7071067690849304) 0.573747992515564
flower_red (-270.0120849609375, 7.921248912811279, -113.87151336669922) (0.0, 0.310013085603714, 0.0, 0.7071067690849304) 0.9536163806915283
flower_red (-267.64202880859375, 7.8948655128479, -108.36911010742188) (0.0, 0.3601302206516266, 0.0, 0.7071067690849304) 0.6427721977233887
flower_red (-307.98876953125, 7.8948655128479, -138.43927001953125) (0.0, 0.17632512748241425, 0.0, 0.7071067690849304) 1.0299817323684692
flower_red (-307.955078125, 7.895908832550049, -126.29547882080078) (0.0, 0.31454142928123474, 0.0, 0.7071067690849304) 1.0604921579360962
flower_red (-308.85089111328125, 7.8948655128479, -137.42005920410156) (0.0, 0.4873415529727936, 0.0, 0.7071067690849304) 0.6179079413414001
flower_red (-318.0558166503906, 7.8948655128479, -138.16233825683594) (0.0, 0.5409922003746033, 0.0, 0.7071067690849304) 0.8989431858062744
flower_red (-257.667236328125, 7.8948655128479, -99.9512939453125) (0.0, 0.17863832414150238, 0.0, 0.7071067690849304) 1.213400959968567
flower_red (-317.74078369140625, 7.8948655128479, -130.59669494628906) (0.0, 0.04093748703598976, 0.0, 0.7071067690849304) 0.8043723106384277
flower_red (-308.8818054199219, 7.8948655128479, -138.95779418945312) (0.0, 0.2745930254459381, 0.0, 0.7071067690849304) 1.0953994989395142
flower_red (-313.9862976074219, 7.8948655128479, -138.18121337890625) (0.0, 0.47243934869766235, 0.0, 0.7071067690849304) 0.810092568397522
flower_red (-257.6303405761719, 7.928324222564697, -110.82151794433594) (0.0, 0.06146814301609993, 0.0, 0.7071067690849304) 0.7510972023010254
flower_red (-315.475830078125, 7.8948655128479, -134.272216796875) (0.0, 0.5769942998886108, 0.0, 0.7071067690849304) 1.2349127531051636
flower_red (-303.0154724121094, 7.909056186676025, -120.32672882080078) (0.0, 0.020940324291586876, 0.0, 0.7071067690849304) 1.1983975172042847
flower_red (-266.5994873046875, 7.927977561950684, -116.55929565429688) (0.0, 0.2441774308681488, 0.0, 0.7071067690849304) 1.0859078168869019
flower_red (-323.23736572265625, 7.8948655128479, -126.8514404296875) (0.0, 0.3734096884727478, 0.0, 0.7071067690849304) 1.0209472179412842
flower_red (-319.7444763183594, 7.8948655128479, -147.5948944091797) (0.0, 0.6523794531822205, 0.0, 0.7071067690849304) 1.044743537902832
flower_red (-331.5239562988281, 7.8948655128479, -131.5961151123047) (0.0, 0.30791956186294556, 0.0, 0.7071067690849304) 0.5716431140899658
flower_red (-277.0767822265625, 7.931059837341309, -112.01709747314453) (0.0, 0.31194281578063965, 0.0, 0.7071067690849304) 1.2444394826889038
flower_red (-337.384521484375, 7.8948655128479, -142.64097595214844) (0.0, 0.2678525745868683, 0.0, 0.7071067690849304) 0.5262937545776367
flower_red (-272.09716796875, 7.91937780380249, -110.61734008789062) (0.0, 0.26912498474121094, 0.0, 0.7071067690849304) 0.7291345596313477
flower_red (-256.65008544921875, 7.8948655128479, -97.75430297851562) (0.0, 0.47210824489593506, 0.0, 0.7071067690849304) 0.9710504412651062
flower_red (-262.799072265625, 7.919613838195801, -121.40947723388672) (0.0, 0.41228172183036804, 0.0, 0.7071067690849304) 0.7850406169891357
flower_red (-334.4971618652344, 7.890134811401367, -125.1362533569336) (0.0, 0.253405898809433, 0.0, 0.7071067690849304) 1.2151200771331787
flower_red (-319.49346923828125, 7.8948655128479, -140.12721252441406) (0.0, 0.17096321284770966, 0.0, 0.7071067690849304) 1.03304922580719
flower_red (-257.8830261230469, 8.09321403503418, -82.3529052734375) (0.0, 0.4576248228549957, 0.0, 0.7071067690849304) 0.9185596108436584
flower_red (-308.81719970703125, 7.8948655128479, -137.18795776367188) (0.0, 0.12462317198514938, 0.0, 0.7071067690849304) 0.53824383020401
flower_red (-315.4153747558594, 7.899595737457275, -119.52555084228516) (0.0, 0.21102303266525269, 0.0, 0.7071067690849304) 0.5646766424179077
flower_red (-337.1752624511719, 7.8948655128479, -143.0126190185547) (0.0, 0.6301376223564148, 0.0, 0.7071067690849304) 1.2441182136535645
flower_red (-264.69476318359375, 7.916130542755127, -113.46781158447266) (0.0, 0.06503528356552124, 0.0, 0.7071067690849304) 1.2463642358779907
flower_red (-261.31390380859375, 7.8948655128479, -95.5518798828125) (0.0, 0.26767268776893616, 0.0, 0.7071067690849304) 0.8250497579574585
flower_red (-308.1249084472656, 7.8948655128479, -148.241943359375) (0.0, 0.6667820811271667, 0.0, 0.7071067690849304) 0.7957455515861511
flower_red (-334.3841552734375, 7.894140720367432, -126.58747863769531) (0.0, 0.07010301947593689, 0.0, 0.7071067690849304) 0.5390294790267944
flower_red (-306.72711181640625, 7.8948655128479, -129.10911560058594) (0.0, 0.29204460978507996, 0.0, 0.7071067690849304) 0.8653056025505066
flower_red (-265.9523620605469, 7.917652130126953, -114.11282348632812) (0.0, 0.16626964509487152, 0.0, 0.7071067690849304) 1.099860429763794
flower_red (-322.0667724609375, 7.8948655128479, -135.08843994140625) (0.0, 0.05938735231757164, 0.0, 0.7071067690849304) 1.081514835357666
flower_red (-264.13262939453125, 7.932707786560059, -116.89054870605469) (0.0, 0.16941691935062408, 0.0, 0.7071067690849304) 1.2345867156982422
flower_red (-336.2523193359375, 7.8901848793029785, -129.6038055419922) (0.0, 0.513966977596283, 0.0, 0.7071067690849304) 1.090726375579834
flower_red (-312.15692138671875, 7.90432596206665, -119.08232879638672) (0.0, 0.4468939006328583, 0.0, 0.7071067690849304) 0.9332519769668579
flower_red (-314.1852722167969, 7.8948655128479, -125.5090560913086) (0.0, 0.5790911912918091, 0.0, 0.7071067690849304) 1.0881370306015015
flower_red (-338.3042297363281, 7.8948655128479, -142.62464904785156) (0.0, 0.30984002351760864, 0.0, 0.7071067690849304) 0.8723024129867554
flower_red (-314.9228820800781, 7.8948655128479, -156.77508544921875) (0.0, 0.4879540205001831, 0.0, 0.7071067690849304) 1.2110079526901245
flower_red (-331.54296875, 7.8948655128479, -145.04635620117188) (0.0, 0.12816140055656433, 0.0, 0.7071067690849304) 0.5753384232521057
flower_red (-321.0513610839844, 7.8948655128479, -138.6188201904297) (0.0, 0.001154486439190805, 0.0, 0.7071067690849304) 1.0316157341003418
flower_red (-317.4208984375, 7.8948655128479, -136.18028259277344) (0.0, 0.5778648257255554, 0.0, 0.7071067690849304) 0.8282846212387085
flower_red (-323.3829040527344, 7.8948655128479, -131.1248779296875) (0.0, 0.01147506944835186, 0.0, 0.7071067690849304) 0.9234514236450195
flower_red (-331.83856201171875, 7.8948655128479, -128.85499572753906) (0.0, 0.06973735243082047, 0.0, 0.7071067690849304) 0.5990305542945862
flower_red (-318.27752685546875, 7.8948655128479, -153.0279541015625) (0.0, 0.20054641366004944, 0.0, 0.7071067690849304) 1.238124132156372
flower_red (-307.5087585449219, 7.8948655128479, -133.37939453125) (0.0, 0.5606414079666138, 0.0, 0.7071067690849304) 0.883141040802002
flower_red (-266.2010803222656, 7.8948655128479, -104.39950561523438) (0.0, 0.2756269872188568, 0.0, 0.7071067690849304) 1.065299153327942
flower_red (-259.5423583984375, 7.932707786560059, -112.1376724243164) (0.0, 0.6210386157035828, 0.0, 0.7071067690849304) 0.9599043130874634
flower_red (-338.241455078125, 7.8948655128479, -145.30438232421875) (0.0, 0.4694164991378784, 0.0, 0.7071067690849304) 0.8115606307983398
flower_red (-305.1181945800781, 7.8948655128479, -134.84811401367188) (0.0, 0.5166248679161072, 0.0, 0.7071067690849304) 1.1442502737045288
flower_red (-319.90606689453125, 7.8948655128479, -136.19935607910156) (0.0, 0.5641846060752869, 0.0, 0.7071067690849304) 0.7093724012374878
flower_red (-306.8678894042969, 7.8948655128479, -144.15853881835938) (0.0, 0.012202017940580845, 0.0, 0.7071067690849304) 0.6069445610046387
