flower_red (-282.04034423828125, 8.442537307739258, -313.03594970703125) (0.0, 0.16652750968933105, 0.0, 0.7071067690849304) 1.131813406944275
flower_red (-258.2023620605469, 8.284427642822266, -333.37139892578125) (0.0, 0.30605313181877136, 0.0, 0.7071067690849304) 0.9778979420661926
flower_red (-282.2703857421875, 8.245259284973145, -298.8759765625) (0.0, 0.6289654970169067, 0.0, 0.7071067690849304) 1.0995490550994873
flower_red (-281.4541931152344, 8.609484672546387, -302.20977783203125) (0.0, 0.028697114437818527, 0.0, 0.7071067690849304) 0.9263145923614502
flower_red (-296.3585205078125, 7.8948655128479, -322.2136535644531) (0.0, 0.48825952410697937, 0.0, 0.7071067690849304) 0.8726762533187866
flower_red (-279.10821533203125, 8.563535690307617, -314.0555725097656) (0.0, 0.46962031722068787, 0.0, 0.7071067690849304) 0.6427422761917114
flower_red (-251.1492919921875, 7.899595737457275, -337.8588562011719) (0.0, 0.4383831024169922, 0.0, 0.7071067690849304) 0.5248749852180481
flower_red (-280.3402099609375, 8.567034721374512, -298.378173828125) (0.0, 0.15673957765102386, 0.0, 0.7071067690849304) 0.7763721346855164
flower_red (-298.7904052734375, 7.8948655128479, -320.20086669921875) (0.0, 0.1374247670173645, 0.0, 0.7071067690849304) 1.0715632438659668
flower_red (-255.73861694335938, 8.035233497619629, -335.80206298828125) (0.0, 0.01899339258670807, 0.0, 0.7071067690849304) 0.6925228834152222
flower_red (-298.177001953125, 7.8948655128479, -324.061279296875) (0.0, 0.6238563656806946, 0.0, 0.7071067690849304) 1.1479175090789795
flower_red (-275.12322998046875, 9.206291198730469, -312.514892578125) (0.0, 0.25829359889030457, 0.0, 0.7071067690849304) 0.6587197184562683
flower_red (-276.1800231933594, 9.837215423583984, -304.1782531738281) (0.0, 0.6487061381340027, 0.0, 0.7071067690849304) 1.1721044778823853
flower_red (-297.8382568359375, 7.8948655128479, -321.52105712890625) (0.0, 0.49869194626808167, 0.0, 0.7071067690849304) 0.9837656021118164
flower_red (-283.3977966308594, 8.509513854980469, -307.4197692871094) (0.0, 0.13214074075222015, 0.0, 0.7071067690849304) 0.5662702322006226
flower_red (-258.8154602050781, 8.536465644836426, -330.80084228515625) (0.0, 0.4187895357608795, 0.0, 0.7071067690849304) 0.810875654220581
flower_red (-280.248291015625, 8.778227806091309, -310.06549072265625) (0.0, 0.35860055685043335, 0.0, 0.7071067690849304) 0.628395676612854
flower_red (-287.3775939941406, 7.943229675292969, -302.2379150390625) (0.0, 0.0031377484556287527, 0.0, 0.7071067690849304) 1.1909313201904297
flower_red (-254.03857421875, 8.026535987854004, -335.11639404296875) (0.0, 0.29176053404808044, 0.0, 0.7071067690849304) 0.7904733419418335
flower_red (-258.12060546875, 8.097270965576172, -335.7030944824219) (0.0, 0.09548739343881607, 0.0, 0.7071067690849304) 0.5242161750793457
flower_red (-281.3093566894531, 8.326462745666504, -315.419189453125) (0.0, 0.5388160943984985, 0.0, 0.7071067690849304) 0.9404274225234985
flower_red (-275.9611511230469, 9.574660301208496, -307.8933410644531) (0.0, 0.522109866142273, 0.0, 0.7071067690849304) 0.9014835953712463
flower_red (-283.41473388671875, 8.22325611114502, -301.0149841308594) (0.0, 0.5339990258216858, 0.0, 0.7071067690849304) 0.5687941312789917
flower_red (-258.21746826171875, 8.252758026123047, -333.7361145019531) (0.0, 0.2219761461019516, 0.0, 0.7071067690849304) 0.5767020583152771
flower_red (-255.7710418701172, 8.002874374389648, -336.39532470703125) (0.0, 0.5191184282302856, 0.0, 0.7071067690849304) 0.804335355758667
flower_red (-285.0993347167969, 8.216202735900879, -305.00091552734375) (0.0, 0.07661277055740356, 0.0, 0.7071067690849304) 0.7359350919723511
flower_red (-283.85443115234375, 8.421971321105957, -306.2836608886719) (0.0, 0.1929338574409485, 0.0, 0.7071067690849304) 0.9025158882141113
flower_red (-278.0546569824219, 9.381684303283691, -305.8534240722656) (0.0, 0.43840739130973816, 0.0, 0.7071067690849304) 0.7709752321243286
flower_red (-260.2268981933594, 8.311360359191895, -333.1086730957031) (0.0, 0.44594845175743103, 0.0, 0.7071067690849304) 0.9956047534942627
flower_red (-280.7402038574219, 8.536285400390625, -299.0686950683594) (0.0, 0.27644529938697815, 0.0, 0.7071067690849304) 0.8942469358444214
flower_red (-277.4114685058594, 8.716887474060059, -314.018798828125) (0.0, 0.5035622715950012, 0.0, 0.7071067690849304) 0.9897241592407227
flower_red (-251.31309509277344, 7.899528980255127, -338.3293762207031) (0.0, 0.11158917099237442, 0.0, 0.7071067690849304) 0.931712806224823
flower_red (-276.07672119140625, 9.847726821899414, -305.00506591796875) (0.0, 0.47386518120765686, 0.0, 0.7071067690849304) 1.138910174369812
flower_red (-280.9560241699219, 8.839934349060059, -305.5234375) (0.0, 0.047673143446445465, 0.0, 0.7071067690849304) 0.8115974068641663
flower_red (-287.0676574707031, 7.911055564880371, -300.0614929199219) (0.0, 0.3968160152435303, 0.0, 0.7071067690849304) 0.658379077911377
flower_red (-260.1307678222656, 8.583359718322754, -330.18206787109375) (0.0, 0.4074539840221405, 0.0, 0.7071067690849304) 0.7440783381462097
flower_red (-273.8860168457031, 9.841606140136719, -309.3534851074219) (0.0, 0.07881418615579605, 0.0, 0.7071067690849304) 0.52025306224823
flower_red (-274.87384033203125, 9.966012001037598, -302.10662841796875) (0.0, 0.45888492465019226, 0.0, 0.7071067690849304) 0.5837738513946533
flower_red (-260.2117614746094, 8.347105026245117, -332.694580078125) (0.0, 0.6917144656181335, 0.0, 0.7071067690849304) 1.1617028713226318
flower_red (-275.4350280761719, 9.805562019348145, -301.67645263671875) (0.0, 0.32771122455596924, 0.0, 0.7071067690849304) 1.2497162818908691
flower_red (-257.7143249511719, 8.556225776672363, -330.5917663574219) (0.0, 0.46790528297424316, 0.0, 0.7071067690849304) 0.9532586336135864
flower_red (-283.6995849609375, 8.32386589050293, -303.4684753417969) (0.0, 0.09386170655488968, 0.0, 0.7071067690849304) 0.9792801141738892
flower_red (-279.6032409667969, 8.960203170776367, -308.2748107910156) (0.0, 0.06333305686712265, 0.0, 0.7071067690849304) 0.6270443201065063
flower_red (-297.7493896484375, 7.8948655128479, -321.7576599121094) (0.0, 0.5013711452484131, 0.0, 0.7071067690849304) 0.6233723163604736
flower_red (-278.04095458984375, 9.301323890686035, -306.7962341308594) (0.0, 0.32575541734695435, 0.0, 0.7071067690849304) 0.6450111865997314
flower_red (-300.57818603515625, 7.8948655128479, -322.7250061035156) (0.0, 0.6331893801689148, 0.0, 0.7071067690849304) 1.2268550395965576
flower_red (-284.3772888183594, 8.383150100708008, -307.29486083984375) (0.0, 0.3251039385795593, 0.0, 0.7071067690849304) 0.6121880412101746
flower_red (-278.47833251953125, 9.326910018920898, -304.1944274902344) (0.0, 0.3988894820213318, 0.0, 0.7071067690849304) 1.0607502460479736
flower_red (-298.36834716796875, 7.8948655128479, -324.1993713378906) (0.0, 0.12479909509420395, 0.0, 0.7071067690849304) 0.5086592435836792
flower_red (-285.3171691894531, 8.02663803100586, -301.1701965332031) (0.0, 0.4698943495750427, 0.0, 0.7071067690849304) 1.0468884706497192
flower_red (-282.6047668457031, 8.522390365600586, -311.2621765136719) (0.0, 0.5674886703491211, 0.0, 0.7071067690849304) 1.2299946546554565
flower_red (-267.61383056640625, 7.8948655128479, -348.7851257324219) (0.0, 0.2258998602628708, 0.0, 0.7071067690849304) 0.5514495372772217
flower_red (-281.77703857421875, 8.495650291442871, -301.29730224609375) (0.0, 0.415397971868515, 0.0, 0.7071067690849304) 1.107966423034668
flower_red (-275.8899230957031, 9.864709854125977, -303.3184814453125) (0.0, 0.6689001321792603, 0.0, 0.7071067690849304) 0.7517004609107971
flower_red (-300.1164855957031, 7.8948655128479, -320.8232421875) (0.0, 0.26760196685791016, 0.0, 0.7071067690849304) 0.8864912986755371
flower_red (-277.90533447265625, 8.371471405029297, -318.02655029296875) (0.0, 0.4630008339881897, 0.0, 0.7071067690849304) 0.5381625890731812
flower_red (-286.3119201660156, 7.961567401885986, -301.1759033203125) (0.0, 0.24730733036994934, 0.0, 0.7071067690849304) 0.5352492332458496
flower_red (-276.60626220703125, 9.05208683013916, -311.5596618652344) (0.0, 0.20050545036792755, 0.0, 0.7071067690849304) 0.7366642951965332
flower_red (-276.7039489746094, 9.461424827575684, -300.77154541015625) (0.0, 0.35456421971321106, 0.0, 0.7071067690849304) 0.7961528301239014
flower_red (-276.66204833984375, 8.742988586425781, -314.68804931640625) (0.0, 0.17312964797019958, 0.0, 0.7071067690849304) 0.6371256113052368
flower_red (-276.74554443359375, 9.330071449279785, -299.0380554199219) (0.0, 0.4327542185783386, 0.0, 0.7071067690849304) 0.8745615482330322
flower_red (-281.65496826171875, 8.386597633361816, -314.1867370605469) (0.0, 0.11581060290336609, 0.0, 0.7071067690849304) 1.003462314605713
flower_red (-280.201904296875, 8.95730972290039, -306.6432800292969) (0.0, 0.2590748965740204, 0.0, 0.7071067690849304) 0.8988745212554932
flower_red (-251.60317993164062, 7.899595737457275, -338.28485107421875) (0.0, 0.2091674655675888, 0.0, 0.7071067690849304) 1.1877533197402954
flower_red (-281.4820556640625, 8.502293586730957, -300.61993408203125) (0.0, 0.04147831350564957, 0.0, 0.7071067690849304) 0.7845373153686523
flower_red (-277.7843933105469, 9.203404426574707, -308.2476501464844) (0.0, 0.577750563621521, 0.0, 0.7071067690849304) 1.1430577039718628
flower_red (-257.3841247558594, 8.23121452331543, -333.80340576171875) (0.0, 0.5831201672554016, 0.0, 0.7071067690849304) 0.5757443904876709
flower_red (-275.26373291015625, 9.705002784729004, -307.99969482421875) (0.0, 0.4826837480068207, 0.0, 0.7071067690849304) 0.8783451318740845
flower_red (-275.93280029296875, 8.866782188415527, -314.379638671875) (0.0, 0.2276368886232376, 0.0, 0.7071067690849304) 1.0469305515289307
flower_red (-278.53594970703125, 9.202661514282227, -302.2351379394531) (0.0, 0.6553630232810974, 0.0, 0.7071067690849304) 0.5888317823410034
flower_red (-275.4622802734375, 9.891521453857422, -305.9778137207031) (0.0, 0.21327552199363708, 0.0, 0.7071067690849304) 0.5357767343521118
flower_red (-299.1044006347656, 7.8948655128479, -320.5647277832031) (0.0, 0.2774203419685364, 0.0, 0.7071067690849304) 0.7613689303398132
flower_red (-276.9453430175781, 8.610505104064941, -315.9146423339844) (0.0, 0.030078014358878136, 0.0, 0.7071067690849304) 0.5084391832351685
flower_red (-260.55938720703125, 8.511981964111328, -330.8329162597656) (0.0, 0.6827965378761292, 0.0, 0.7071067690849304) 0.5288646817207336
flower_red (-286.98968505859375, 8.099188804626465, -307.06512451171875) (0.0, 0.6298617124557495, 0.0, 0.7071067690849304) 0.6083049178123474
flower_red (-284.7325744628906, 8.202750205993652, -303.67913818359375) (0.0, 0.020855609327554703, 0.0, 0.7071067690849304) 0.7649015784263611
flower_red (-279.50286865234375, 8.759832382202148, -298.6304016113281) (0.0, 0.6824806332588196, 0.0, 0.7071067690849304) 0.6988309621810913
flower_red (-276.8210144042969, 8.461101531982422, -317.9313049316406) (0.0, 0.5359748601913452, 0.0, 0.7071067690849304) 0.5085798501968384
flower_red (-281.7373352050781, 8.723965644836426, -306.2892761230469) (0.0, 0.4026760458946228, 0.0, 0.7071067690849304) 1.079171895980835
flower_red (-261.0107116699219, 8.611077308654785, -329.606689453125) (0.0, 0.44100430607795715, 0.0, 0.7071067690849304) 1.1880143880844116
flower_red (-278.83148193359375, 9.135000228881836, -307.209228515625) (0.0, 0.44784143567085266, 0.0, 0.7071067690849304) 0.5919234752655029
flower_red (-296.84747314453125, 7.8948655128479, -322.1267395019531) (0.0, 0.5205647945404053, 0.0, 0.7071067690849304) 0.8241312503814697
flower_red (-284.99627685546875, 7.996548652648926, -299.9185485839844) (0.0, 0.35867345333099365, 0.0, 0.7071067690849304) 0.9801386594772339
flower_red (-284.6766052246094, 8.263500213623047, -304.9085388183594) (0.0, 0.5706486105918884, 0.0, 0.7071067690849304) 1.0649477243423462
flower_red (-277.427978515625, 9.207951545715332, -299.0934753417969) (0.0, 0.5594714283943176, 0.0, 0.7071067690849304) 1.1834666728973389
flower_red (-285.28607177734375, 7.9853034019470215, -300.14312744140625) (0.0, 0.6647533178329468, 0.0, 0.7071067690849304) 0.6635375022888184
flower_red (-278.8556213378906, 8.311558723449707, -318.0146179199219) (0.0, 0.6453065872192383, 0.0, 0.7071067690849304) 0.6072016358375549
flower_red (-259.862060546875, 8.040002822875977, -336.89398193359375) (0.0, 0.7005133032798767, 0.0, 0.7071067690849304) 1.0436997413635254
flower_red (-281.4715576171875, 8.55594253540039, -311.9751281738281) (0.0, 0.18045400083065033, 0.0, 0.7071067690849304) 0.5326069593429565
flower_red (-278.91259765625, 8.938398361206055, -299.4905700683594) (0.0, 0.20157597959041595, 0.0, 0.7071067690849304) 0.674092173576355
flower_red (-282.4242858886719, 8.6029634475708, -305.6277770996094) (0.0, 0.342203825712204, 0.0, 0.7071067690849304) 1.044880747795105
flower_red (-276.7215881347656, 9.383774757385254, -299.8542175292969) (0.0, 0.021090535447001457, 0.0, 0.7071067690849304) 0.9074677228927612
flower_red (-300.9249572753906, 7.8948655128479, -324.995361328125) (0.0, 0.10657597333192825, 0.0, 0.7071067690849304) 0.5080423355102539
flower_red (-299.39306640625, 7.8948655128479, -322.30914306640625) (0.0, 0.12068472057580948, 0.0, 0.7071067690849304) 1.1329567432403564
flower_red (-282.08673095703125, 8.667708396911621, -306.0794982910156) (0.0, 0.24843981862068176, 0.0, 0.7071067690849304) 0.7121676206588745
flower_red (-274.071044921875, 9.557906150817871, -311.31219482421875) (0.0, 0.320095032453537, 0.0, 0.7071067690849304) 0.7618666887283325
flower_red (-257.54791259765625, 8.003129005432129, -337.0955505371094) (0.0, 0.5784867405891418, 0.0, 0.7071067690849304) 0.9427100419998169
flower_red (-274.2983093261719, 9.875856399536133, -300.5387268066406) (0.0, 0.48749658465385437, 0.0, 0.7071067690849304) 1.1577545404434204
flower_red (-256.7962341308594, 8.285149574279785, -333.0816650390625) (0.0, 0.4916633069515228, 0.0, 0.7071067690849304) 0.5286440253257751
flower_red (-258.1235656738281, 8.181624412536621, -334.563720703125) (0.0, 0.6929181814193726, 0.0, 0.7071067690849304) 1.1390807628631592
flower_red (-300.0810852050781, 7.8948655128479, -322.8293762207031) (0.0, 0.5545623898506165, 0.0, 0.7071067690849304) 0.9852762222290039
flower_red (-277.51171875, 9.325967788696289, -301.0975036621094) (0.0, 0.015173624269664288, 0.0, 0.7071067690849304) 1.0889002084732056
flower_red (-278.1324462890625, 8.339813232421875, -318.2516174316406) (0.0, 0.6636914610862732, 0.0, 0.7071067690849304) 0.7847985625267029
flower_red (-300.2099304199219, 7.8948655128479, -324.2632751464844) (0.0, 0.45578569173812866, 0.0, 0.7071067690849304) 1.078579068183899
flower_red (-275.5617980957031, 9.935042381286621, -305.2866516113281) (0.0, 0.5349195599555969, 0.0, 0.7071067690849304) 0.5316205620765686
flower_red (-284.20703125, 8.42034912109375, -308.240966796875) (0.0, 0.14087854325771332, 0.0, 0.7071067690849304) 0.7595914602279663
flower_red (-275.9864196777344, 9.170863151550293, -311.44549560546875) (0.0, 0.4556713104248047, 0.0, 0.7071067690849304) 0.664081335067749
flower_red (-279.9776916503906, 8.925030708312988, -302.7179870605469) (0.0, 0.4083733558654785, 0.0, 0.7071067690849304) 0.5416626930236816
flower_red (-269.06329345703125, 7.8948655128479, -348.5960998535156) (0.0, 0.44832849502563477, 0.0, 0.7071067690849304) 0.6944041848182678
flower_red (-254.186279296875, 8.262624740600586, -332.4190368652344) (0.0, 0.44641923904418945, 0.0, 0.7071067690849304) 0.9772629737854004
flower_red (-282.71435546875, 8.510168075561523, -304.3453674316406) (0.0, 0.18394839763641357, 0.0, 0.7071067690849304) 1.0246002674102783
flower_red (-275.5290222167969, 9.97011661529541, -304.7813720703125) (0.0, 0.1345396488904953, 0.0, 0.7071067690849304) 0.7620221376419067
flower_red (-282.2042236328125, 8.365562438964844, -300.4162292480469) (0.0, 0.6758706569671631, 0.0, 0.7071067690849304) 0.5835598707199097
flower_red (-282.66094970703125, 8.606340408325195, -308.1622009277344) (0.0, 0.547713041305542, 0.0, 0.7071067690849304) 1.0756545066833496
flower_red (-267.3956604003906, 7.8948655128479, -349.1758117675781) (0.0, 0.5523787140846252, 0.0, 0.7071067690849304) 1.2310870885849
flower_red (-278.6807556152344, 8.335127830505371, -317.8420104980469) (0.0, 0.6115193367004395, 0.0, 0.7071067690849304) 0.5595731139183044
flower_red (-279.0821838378906, 8.702058792114258, -312.2134094238281) (0.0, 0.06470611691474915, 0.0, 0.7071067690849304) 0.6886513233184814
flower_red (-278.6727600097656, 9.113316535949707, -301.44305419921875) (0.0, 0.3111787736415863, 0.0, 0.7071067690849304) 0.6787534952163696
flower_red (-285.021728515625, 8.265406608581543, -306.05670166015625) (0.0, 0.5165386199951172, 0.0, 0.7071067690849304) 0.9769284129142761
flower_red (-275.0890808105469, 9.715850830078125, -300.3528747558594) (0.0, 0.5616035461425781, 0.0, 0.7071067690849304) 1.0761058330535889
flower_red (-278.7087097167969, 9.158407211303711, -307.1451110839844) (0.0, 0.06238711252808571, 0.0, 0.7071067690849304) 1.2325501441955566
flower_red (-282.2113037109375, 8.520538330078125, -302.95037841796875) (0.0, 0.6919316053390503, 0.0, 0.7071067690849304) 1.0288269519805908
flower_red (-281.13531494140625, 8.772233009338379, -308.68585205078125) (0.0, 0.7028515338897705, 0.0, 0.7071067690849304) 0.8159899711608887
flower_red (-275.8374938964844, 9.546372413635254, -299.9566345214844) (0.0, 0.10971962660551071, 0.0, 0.7071067690849304) 0.9500836133956909
flower_red (-277.9115295410156, 8.738927841186523, -313.0889587402344) (0.0, 0.17722420394420624, 0.0, 0.7071067690849304) 0.735680341720581
flower_red (-276.7962951660156, 8.979479789733887, -311.9661865234375) (0.0, 0.3992139399051666, 0.0, 0.7071067690849304) 0.6681696772575378
flower_red (-274.06524658203125, 9.403056144714355, -312.5464782714844) (0.0, 0.5046758055686951, 0.0, 0.7071067690849304) 1.118706464767456
flower_red (-282.4019775390625, 8.402484893798828, -301.473876953125) (0.0, 0.4197801649570465, 0.0, 0.7071067690849304) 1.1437968015670776
flower_red (-253.89129638671875, 11.611417770385742, -317.5671691894531) (0.0, 0.4983767867088318, 0.0, 0.7071067690849304) 1.208970546722412
flower_red (-286.3251037597656, 7.946639537811279, -300.6907653808594) (0.0, 0.366211861371994, 0.0, 0.7071067690849304) 1.0752224922180176
flower_red (-280.6513977050781, 8.739925384521484, -310.1441955566406) (0.0, 0.6860755681991577, 0.0, 0.7071067690849304) 1.21503484249115
flower_red (-256.7944641113281, 8.1608304977417, -334.4490966796875) (0.0, 0.5635060667991638, 0.0, 0.7071067690849304) 1.2467329502105713
flower_red (-257.9919738769531, 8.200127601623535, -334.2940979003906) (0.0, 0.2887052297592163, 0.0, 0.7071067690849304) 0.5932134389877319
flower_red (-254.51754760742188, 11.580231666564941, -318.1903991699219) (0.0, 0.09084955602884293, 0.0, 0.7071067690849304) 0.7951627969741821
flower_red (-276.84271240234375, 8.428380966186523, -318.3386535644531) (0.0, 0.08766940236091614, 0.0, 0.7071067690849304) 1.0506747961044312
flower_red (-279.1814880371094, 9.180834770202637, -304.92962646484375) (0.0, 0.2913925051689148, 0.0, 0.7071067690849304) 1.2154064178466797
flower_red (-281.8931884765625, 8.635499954223633, -304.1431884765625) (0.0, 0.6046237349510193, 0.0, 0.7071067690849304) 1.154140830039978
flower_red (-279.03271484375, 8.416263580322266, -316.29425048828125) (0.0, 0.009723614901304245, 0.0, 0.7071067690849304) 0.8374351263046265
flower_red (-299.9324951171875, 7.8948655128479, -318.7580871582031) (0.0, 0.3238787055015564, 0.0, 0.7071067690849304) 1.0512701272964478
flower_red (-281.70001220703125, 8.576260566711426, -302.40032958984375) (0.0, 0.01485415082424879, 0.0, 0.7071067690849304) 0.8435857892036438
flower_red (-294.9614562988281, 7.8948655128479, -322.77386474609375) (0.0, 0.4490002393722534, 0.0, 0.7071067690849304) 1.2352533340454102
flower_red (-256.1960144042969, 8.427410125732422, -331.5714111328125) (0.0, 0.015065559186041355, 0.0, 0.7071067690849304) 0.9443060159683228
flower_red (-295.5668640136719, 7.8948655128479, -323.5800476074219) (0.0, 0.6585336327552795, 0.0, 0.7071067690849304) 0.9950588941574097
flower_red (-299.3280944824219, 7.8948655128479, -322.7185974121094) (0.0, 0.29848727583885193, 0.0, 0.7071067690849304) 1.0802438259124756
flower_red (-281.7158203125, 8.730700492858887, -307.3826904296875) (0.0, 0.6019827723503113, 0.0, 0.7071067690849304) 0.7563764452934265
flower_red (-279.8219909667969, 9.008833885192871, -306.8550109863281) (0.0, 0.17013469338417053, 0.0, 0.7071067690849304) 1.1567511558532715
flower_red (-260.2626037597656, 8.350469589233398, -332.650390625) (0.0, 0.517024576663971, 0.0, 0.7071067690849304) 0.7549434900283813
flower_red (-280.792236328125, 8.60166072845459, -311.9345397949219) (0.0, 0.088678739964962, 0.0, 0.7071067690849304) 0.6920155882835388
flower_red (-283.6440734863281, 8.445154190063477, -306.1480407714844) (0.0, 0.5288127064704895, 0.0, 0.7071067690849304) 0.8181556463241577
flower_red (-279.18536376953125, 8.542057037353516, -314.2874755859375) (0.0, 0.26435622572898865, 0.0, 0.7071067690849304) 0.8839659690856934
flower_red (-298.6533508300781, 7.8948655128479, -323.11785888671875) (0.0, 0.48545041680336, 0.0, 0.7071067690849304) 0.7360166311264038
flower_red (-297.6059265136719, 7.8948655128479, -317.8007507324219) (0.0, 0.20494191348552704, 0.0, 0.7071067690849304) 1.0663926601409912
flower_red (-283.8529968261719, 8.463147163391113, -309.4678649902344) (0.0, 0.03182651847600937, 0.0, 0.7071067690849304) 0.8809726238250732
flower_red (-285.06427001953125, 8.11377239227295, -302.6104736328125) (0.0, 0.515277087688446, 0.0, 0.7071067690849304) 0.7651275396347046
flower_red (-274.56475830078125, 9.71181869506836, -309.2532653808594) (0.0, 0.3807951807975769, 0.0, 0.7071067690849304) 1.1602364778518677
flower_red (-279.2879333496094, 8.460494041442871, -315.3870849609375) (0.0, 0.256549209356308, 0.0, 0.7071067690849304) 1.1427448987960815
flower_red (-255.62632751464844, 8.625129699707031, -329.81103515625) (0.0, 0.5457620024681091, 0.0, 0.7071067690849304) 1.140437364578247
flower_red (-276.2882080078125, 8.7107515335083, -315.5583190917969) (0.0, 0.5512436628341675, 0.0, 0.7071067690849304) 1.1969687938690186
flower_red (-281.41339111328125, 8.39261531829834, -314.30535888671875) (0.0, 0.5740312933921814, 0.0, 0.7071067690849304) 0.6759466528892517
flower_red (-277.1437072753906, 8.812193870544434, -313.2513732910156) (0.0, 0.013148888945579529, 0.0, 0.7071067690849304) 0.970015287399292
flower_red (-297.6872863769531, 7.8948655128479, -323.6148376464844) (0.0, 0.06328821182250977, 0.0, 0.7071067690849304) 1.0408991575241089
flower_red (-256.4852294921875, 8.363934516906738, -332.2203063964844) (0.0, 0.03849305212497711, 0.0, 0.7071067690849304) 0.5105355381965637
flower_red (-298.115966796875, 7.8948655128479, -320.4038391113281) (0.0, 0.699114203453064, 0.0, 0.7071067690849304) 0.6575261354446411
flower_red (-258.7832946777344, 8.40896224975586, -332.0799255371094) (0.0, 0.2848637104034424, 0.0, 0.7071067690849304) 1.0234651565551758
flower_red (-256.5665283203125, 7.942790508270264, -338.3070068359375) (0.0, 0.6793227195739746, 0.0, 0.7071067690849304) 0.8851401805877686
flower_red (-278.2132568359375, 8.453930854797363, -316.55853271484375) (0.0, 0.46454155445098877, 0.0, 0.7071067690849304) 1.2371737957000732
flower_red (-299.0836486816406, 7.8948655128479, -324.17431640625) (0.0, 0.0033699776977300644, 0.0, 0.7071067690849304) 0.7263897657394409
flower_red (-278.7560119628906, 8.998674392700195, -309.0289306640625) (0.0, 0.171097069978714, 0.0, 0.7071067690849304) 0.863318681716919
