flower_red (150.66519165039062, 17.545944213867188, 0.11074542999267578) (0.0, 0.5560547709465027, 0.0, 0.7071067690849304) 0.7190786600112915
flower_red (185.7268829345703, 22.160602569580078, 36.042572021484375) (0.0, 0.6564285755157471, 0.0, 0.7071067690849304) 0.9111399054527283
flower_red (147.96510314941406, 17.98120880126953, 1.6845464706420898) (0.0, 0.6801712512969971, 0.0, 0.7071067690849304) 0.6272881031036377
flower_red (146.53924560546875, 18.436792373657227, 3.0483603477478027) (0.0, 0.07696107029914856, 0.0, 0.7071067690849304) 0.7701677083969116
flower_red (191.12283325195312, 22.750389099121094, 35.63368225097656) (0.0, 0.6214949488639832, 0.0, 0.7071067690849304) 0.6266647577285767
flower_red (147.15232849121094, 18.130016326904297, 1.6441941261291504) (0.0, 0.012330650351941586, 0.0, 0.7071067690849304) 1.0830790996551514
flower_red (146.50836181640625, 18.166208267211914, 0.7532238960266113) (0.0, 0.0299394354224205, 0.0, 0.7071067690849304) 1.2276544570922852
flower_red (147.76063537597656, 18.108848571777344, 2.6252269744873047) (0.0, 0.5793384313583374, 0.0, 0.7071067690849304) 0.8864153027534485
flower_red (186.1292724609375, 22.235998153686523, 36.18294143676758) (0.0, 0.4735870063304901, 0.0, 0.7071067690849304) 0.7774748802185059
flower_red (148.8516387939453, 17.746971130371094, 0.399172306060791) (0.0, 0.4503757357597351, 0.0, 0.7071067690849304) 1.1080394983291626
flower_red (145.5538330078125, 19.00197410583496, 21.947086334228516) (0.0, 0.4265536665916443, 0.0, 0.7071067690849304) 1.0763603448867798
flower_red (148.77816772460938, 17.851268768310547, 1.7513632774353027) (0.0, 0.5681239366531372, 0.0, 0.7071067690849304) 0.8216018676757812
flower_red (147.71104431152344, 18.164459228515625, 3.0483007431030273) (0.0, 0.38474541902542114, 0.0, 0.7071067690849304) 1.1586213111877441
flower_red (145.87318420410156, 18.312358856201172, 0.8316636085510254) (0.0, 0.07747526466846466, 0.0, 0.7071067690849304) 1.0047266483306885
flower_red (149.70138549804688, 17.89773941040039, 4.427492618560791) (0.0, 0.18202708661556244, 0.0, 0.7071067690849304) 1.1898143291473389
flower_red (192.44969177246094, 22.661832809448242, 34.454227447509766) (0.0, 0.4226020574569702, 0.0, 0.7071067690849304) 0.7098737955093384
flower_red (148.47036743164062, 18.285099029541016, 7.423758506774902) (0.0, 0.26946595311164856, 0.0, 0.7071067690849304) 0.771479070186615
flower_red (147.1898193359375, 18.484357833862305, 5.265653133392334) (0.0, 0.4393497705459595, 0.0, 0.7071067690849304) 1.243391513824463
