flower_red (321.0320739746094, 10.323408126831055, -241.8064422607422) (0.0, 0.09566996991634369, 0.0, 0.7071067690849304) 0.5244718790054321
flower_red (269.98876953125, 8.96781063079834, -238.884033203125) (0.0, 0.3333543539047241, 0.0, 0.7071067690849304) 1.0092283487319946
flower_red (323.1561584472656, 10.244305610656738, -234.37693786621094) (0.0, 0.032939363270998, 0.0, 0.7071067690849304) 0.5162699222564697
flower_red (329.85321044921875, 10.63066577911377, -248.0767059326172) (0.0, 0.5499700903892517, 0.0, 0.7071067690849304) 0.838148832321167
flower_red (333.33831787109375, 10.597990989685059, -241.7906494140625) (0.0, 0.21991011500358582, 0.0, 0.7071067690849304) 0.9694364070892334
flower_red (269.8006286621094, 10.500550270080566, -229.6555633544922) (0.0, 0.003741797059774399, 0.0, 0.7071067690849304) 0.5878068208694458
flower_red (326.6260986328125, 10.518728256225586, -245.04127502441406) (0.0, 0.3274659216403961, 0.0, 0.7071067690849304) 0.9572221040725708
flower_red (316.4315185546875, 10.095687866210938, -235.852783203125) (0.0, 0.38830286264419556, 0.0, 0.7071067690849304) 1.2167152166366577
flower_red (276.1268615722656, 9.872018814086914, -238.7610626220703) (0.0, 0.59348064661026, 0.0, 0.7071067690849304) 1.1537435054779053
flower_red (264.8739929199219, 8.375807762145996, -243.41326904296875) (0.0, 0.04822012409567833, 0.0, 0.7071067690849304) 1.0744448900222778
flower_red (305.80657958984375, 10.444448471069336, -245.2206573486328) (0.0, 0.5112962126731873, 0.0, 0.7071067690849304) 0.5657451152801514
flower_red (313.5087890625, 10.178096771240234, -245.5256805419922) (0.0, 0.05259108915925026, 0.0, 0.7071067690849304) 0.9538630247116089
flower_red (277.3963317871094, 10.086105346679688, -237.92117309570312) (0.0, 0.43947359919548035, 0.0, 0.7071067690849304) 0.9384012222290039
flower_red (321.1331481933594, 10.4393310546875, -247.4144744873047) (0.0, 0.619922399520874, 0.0, 0.7071067690849304) 0.8180708885192871
flower_red (278.3722229003906, 10.370274543762207, -234.77792358398438) (0.0, 0.38217228651046753, 0.0, 0.7071067690849304) 1.2182230949401855
flower_red (319.1288146972656, 10.15902042388916, -235.662841796875) (0.0, 0.48694539070129395, 0.0, 0.7071067690849304) 0.6695288419723511
flower_red (325.6362609863281, 10.496191024780273, -245.0567169189453) (0.0, 0.6613415479660034, 0.0, 0.7071067690849304) 1.2344841957092285
flower_red (314.2160339355469, 10.10573673248291, -240.06793212890625) (0.0, 0.15339429676532745, 0.0, 0.7071067690849304) 0.5677136182785034
flower_red (257.884033203125, 8.241803169250488, -245.69198608398438) (0.0, 0.16848935186862946, 0.0, 0.7071067690849304) 0.8228984475135803
flower_red (270.58966064453125, 8.905141830444336, -239.93804931640625) (0.0, 0.3151284456253052, 0.0, 0.7071067690849304) 0.7316482067108154
flower_red (266.98712158203125, 8.652848243713379, -240.05535888671875) (0.0, 0.3213043808937073, 0.0, 0.7071067690849304) 1.0877387523651123
flower_red (263.4927673339844, 8.347806930541992, -242.71517944335938) (0.0, 0.03389162942767143, 0.0, 0.7071067690849304) 0.6456174850463867
flower_red (327.1752624511719, 10.398335456848145, -237.7056121826172) (0.0, 0.09952042251825333, 0.0, 0.7071067690849304) 1.0832064151763916
flower_red (264.40972900390625, 8.54292106628418, -239.3702850341797) (0.0, 0.4581106901168823, 0.0, 0.7071067690849304) 0.6524834036827087
flower_red (320.4331359863281, 10.389168739318848, -245.8763427734375) (0.0, 0.2909459173679352, 0.0, 0.7071067690849304) 0.9938270449638367
flower_red (327.68243408203125, 10.576343536376953, -246.9591522216797) (0.0, 0.24337992072105408, 0.0, 0.7071067690849304) 0.7829045057296753
flower_red (258.4425964355469, 8.24490737915039, -243.80142211914062) (0.0, 0.07881755381822586, 0.0, 0.7071067690849304) 0.5772740840911865
flower_red (321.858642578125, 10.411914825439453, -245.15548706054688) (0.0, 0.35229310393333435, 0.0, 0.7071067690849304) 0.8693435192108154
flower_red (321.0467834472656, 10.14955997467041, -230.73243713378906) (0.0, 0.37816327810287476, 0.0, 0.7071067690849304) 0.9492381811141968
flower_red (270.3387756347656, 8.499759674072266, -247.67250061035156) (0.0, 0.23946481943130493, 0.0, 0.7071067690849304) 0.7600939273834229
flower_red (311.1894226074219, 9.998943328857422, -237.04957580566406) (0.0, 0.5691328048706055, 0.0, 0.7071067690849304) 0.9277377724647522
flower_red (258.1993408203125, 8.240177154541016, -245.97445678710938) (0.0, 0.2915811538696289, 0.0, 0.7071067690849304) 1.1770579814910889
flower_red (278.2531433105469, 10.520966529846191, -233.8753662109375) (0.0, 0.48760464787483215, 0.0, 0.7071067690849304) 0.9000847339630127
flower_red (266.2513122558594, 9.372370719909668, -233.79432678222656) (0.0, 0.16869217157363892, 0.0, 0.7071067690849304) 1.124140977859497
flower_red (313.8433837890625, 10.078991889953613, -238.92840576171875) (0.0, 0.09830541163682938, 0.0, 0.7071067690849304) 1.15087890625
flower_red (264.4893493652344, 8.337874412536621, -245.10675048828125) (0.0, 0.5009041428565979, 0.0, 0.7071067690849304) 0.7709486484527588
flower_red (316.9284362792969, 10.16650390625, -225.06573486328125) (0.0, 0.4531596302986145, 0.0, 0.7071067690849304) 0.8755089044570923
flower_red (318.4576110839844, 10.221770286560059, -239.9600372314453) (0.0, 0.566431999206543, 0.0, 0.7071067690849304) 0.563137948513031
flower_red (268.9613037109375, 9.527032852172852, -233.95773315429688) (0.0, 0.6509330868721008, 0.0, 0.7071067690849304) 1.091167688369751
flower_red (313.86309814453125, 10.077181816101074, -238.71380615234375) (0.0, 0.28033748269081116, 0.0, 0.7071067690849304) 1.1275137662887573
flower_red (273.52191162109375, 9.04831600189209, -242.34864807128906) (0.0, 0.08441566675901413, 0.0, 0.7071067690849304) 0.8658512830734253
flower_red (333.3731994628906, 10.682626724243164, -248.0430908203125) (0.0, 0.030573323369026184, 0.0, 0.7071067690849304) 0.5593985319137573
flower_red (278.1658630371094, 10.162873268127441, -237.51177978515625) (0.0, 0.33564722537994385, 0.0, 0.7071067690849304) 0.9709433317184448
flower_red (274.5148620605469, 9.481294631958008, -240.00433349609375) (0.0, 0.1081012710928917, 0.0, 0.7071067690849304) 0.9528143405914307
flower_red (272.8493957519531, 10.365927696228027, -230.61013793945312) (0.0, 0.56485915184021, 0.0, 0.7071067690849304) 0.6051270365715027
flower_red (261.8473205566406, 8.326813697814941, -241.51817321777344) (0.0, 0.042724259197711945, 0.0, 0.7071067690849304) 1.181602954864502
flower_red (272.0912780761719, 9.419320106506348, -236.1225128173828) (0.0, 0.39389684796333313, 0.0, 0.7071067690849304) 0.9594879150390625
flower_red (266.4858703613281, 9.080005645751953, -235.51043701171875) (0.0, 0.10285550355911255, 0.0, 0.7071067690849304) 0.8175745010375977
flower_red (317.74346923828125, 10.148276329040527, -236.99591064453125) (0.0, 0.0698767751455307, 0.0, 0.7071067690849304) 0.561748206615448
flower_red (274.0252685546875, 10.261211395263672, -231.8022918701172) (0.0, 0.540753185749054, 0.0, 0.7071067690849304) 0.9979468584060669
flower_red (259.9261474609375, 8.384952545166016, -239.92257690429688) (0.0, 0.4424685537815094, 0.0, 0.7071067690849304) 0.8531165719032288
flower_red (329.5840759277344, 10.63663387298584, -248.65371704101562) (0.0, 0.6210225224494934, 0.0, 0.7071067690849304) 0.6237190365791321
flower_red (320.9203186035156, 10.368233680725098, -244.16342163085938) (0.0, 0.12726350128650665, 0.0, 0.7071067690849304) 0.748380184173584
flower_red (268.35186767578125, 8.504477500915527, -243.6732940673828) (0.0, 0.3395671248435974, 0.0, 0.7071067690849304) 0.5252916812896729
flower_red (312.7157287597656, 10.117542266845703, -228.3084716796875) (0.0, 0.4227892756462097, 0.0, 0.7071067690849304) 0.8133206367492676
flower_red (266.4150085449219, 8.375858306884766, -246.334228515625) (0.0, 0.2482248693704605, 0.0, 0.7071067690849304) 0.9415364265441895
flower_red (312.6037902832031, 10.140271186828613, -227.63352966308594) (0.0, 0.6493923664093018, 0.0, 0.7071067690849304) 1.1623703241348267
flower_red (276.884521484375, 10.466422080993652, -231.7104949951172) (0.0, 0.15538573265075684, 0.0, 0.7071067690849304) 0.9631730318069458
flower_red (263.7807312011719, 8.326334953308105, -249.61871337890625) (0.0, 0.48305344581604004, 0.0, 0.7071067690849304) 0.9917230606079102
flower_red (326.0231018066406, 10.555197715759277, -247.52569580078125) (0.0, 0.10683880001306534, 0.0, 0.7071067690849304) 0.8125240802764893
flower_red (326.160888671875, 10.44128131866455, -241.51123046875) (0.0, 0.33577096462249756, 0.0, 0.7071067690849304) 1.0374207496643066
flower_red (258.40771484375, 8.244513511657715, -244.0991973876953) (0.0, 0.17238835990428925, 0.0, 0.7071067690849304) 1.2375699281692505
flower_red (318.3533630371094, 10.23144817352295, -240.61563110351562) (0.0, 0.4708200693130493, 0.0, 0.7071067690849304) 0.8076162338256836
flower_red (307.7401428222656, 10.114843368530273, -247.84866333007812) (0.0, 0.18902583420276642, 0.0, 0.7071067690849304) 0.8637481927871704
flower_red (264.5514831542969, 8.335554122924805, -245.74440002441406) (0.0, 0.3248818814754486, 0.0, 0.7071067690849304) 0.5861716270446777
flower_red (322.677490234375, 10.295212745666504, -222.34091186523438) (0.0, 0.14527538418769836, 0.0, 0.7071067690849304) 0.8431973457336426
flower_red (316.467041015625, 10.09710693359375, -235.89041137695312) (0.0, 0.062191467732191086, 0.0, 0.7071067690849304) 0.9698523283004761
flower_red (265.4513854980469, 8.352851867675781, -247.89015197753906) (0.0, 0.48209384083747864, 0.0, 0.7071067690849304) 0.7446158528327942
flower_red (262.2393493652344, 8.292817115783691, -247.2921905517578) (0.0, 0.666741132736206, 0.0, 0.7071067690849304) 0.9730937480926514
flower_red (259.1346435546875, 8.434599876403809, -239.58868408203125) (0.0, 0.6330969333648682, 0.0, 0.7071067690849304) 0.7518939971923828
flower_red (271.5237121582031, 9.1058988571167, -238.57557678222656) (0.0, 0.07905206084251404, 0.0, 0.7071067690849304) 1.0984212160110474
flower_red (257.28912353515625, 8.223010063171387, -248.4141845703125) (0.0, 0.4229591190814972, 0.0, 0.7071067690849304) 0.7300297021865845
flower_red (314.7740783691406, 10.087321281433105, -228.77195739746094) (0.0, 0.1743001490831375, 0.0, 0.7071067690849304) 0.7313428521156311
flower_red (311.40631103515625, 10.136634826660156, -247.74581909179688) (0.0, 0.054267942905426025, 0.0, 0.7071067690849304) 0.6909998655319214
flower_red (270.9763488769531, 8.850162506103516, -240.9356231689453) (0.0, 0.6645325422286987, 0.0, 0.7071067690849304) 0.5425732135772705
flower_red (261.61358642578125, 8.292664527893066, -243.49688720703125) (0.0, 0.23183228075504303, 0.0, 0.7071067690849304) 0.5350666046142578
flower_red (270.62017822265625, 8.64350414276123, -243.99923706054688) (0.0, 0.09661591798067093, 0.0, 0.7071067690849304) 1.170790195465088
flower_red (260.0205383300781, 8.261404037475586, -244.55726623535156) (0.0, 0.5537176728248596, 0.0, 0.7071067690849304) 0.8784922361373901
flower_red (259.9947204589844, 8.257817268371582, -245.2066192626953) (0.0, 0.6326669454574585, 0.0, 0.7071067690849304) 0.6365483999252319
flower_red (272.7939453125, 10.47124195098877, -230.03297424316406) (0.0, 0.4849343001842499, 0.0, 0.7071067690849304) 1.110106348991394
flower_red (328.60540771484375, 10.485475540161133, -240.99134826660156) (0.0, 0.032492101192474365, 0.0, 0.7071067690849304) 1.192238688468933
flower_red (265.422119140625, 8.395533561706543, -243.31199645996094) (0.0, 0.031335171312093735, 0.0, 0.7071067690849304) 0.8189636468887329
flower_red (266.7936706542969, 9.738813400268555, -232.0956573486328) (0.0, 0.4879518449306488, 0.0, 0.7071067690849304) 0.8104192018508911
flower_red (265.9378356933594, 9.591367721557617, -232.68402099609375) (0.0, 0.3151429295539856, 0.0, 0.7071067690849304) 1.0087168216705322
flower_red (311.1351013183594, 10.056589126586914, -242.77589416503906) (0.0, 0.1833537071943283, 0.0, 0.7071067690849304) 1.2454869747161865
flower_red (264.63763427734375, 8.54721736907959, -239.47933959960938) (0.0, 0.20282529294490814, 0.0, 0.7071067690849304) 0.727767288684845
flower_red (314.4130859375, 10.240408897399902, -247.4763946533203) (0.0, 0.6957373023033142, 0.0, 0.7071067690849304) 1.2311049699783325
flower_red (315.4900817871094, 10.191444396972656, -242.8468780517578) (0.0, 0.35089820623397827, 0.0, 0.7071067690849304) 1.1895818710327148
flower_red (311.3790283203125, 10.1373929977417, -247.92945861816406) (0.0, 0.2161109894514084, 0.0, 0.7071067690849304) 0.5500850677490234
flower_red (330.1228332519531, 10.566452980041504, -244.0065155029297) (0.0, 0.2696765959262848, 0.0, 0.7071067690849304) 0.5258016586303711
flower_red (319.6944580078125, 10.11861515045166, -229.8129425048828) (0.0, 0.3745191693305969, 0.0, 0.7071067690849304) 0.8370151519775391
flower_red (311.63507080078125, 10.059481620788574, -242.06248474121094) (0.0, 0.2912062406539917, 0.0, 0.7071067690849304) 1.0990184545516968
flower_red (263.3500671386719, 8.351696968078613, -242.43324279785156) (0.0, 0.14710479974746704, 0.0, 0.7071067690849304) 0.6452572345733643
flower_red (316.8519592285156, 10.272968292236328, -245.0095977783203) (0.0, 0.6694880127906799, 0.0, 0.7071067690849304) 0.5383023023605347
flower_red (268.7113342285156, 9.838805198669434, -232.07688903808594) (0.0, 0.19267718493938446, 0.0, 0.7071067690849304) 0.9304119348526001
flower_red (262.3618469238281, 8.472136497497559, -239.02484130859375) (0.0, 0.31902897357940674, 0.0, 0.7071067690849304) 1.2003122568130493
flower_red (316.9671936035156, 10.257804870605469, -244.05458068847656) (0.0, 0.1501324623823166, 0.0, 0.7071067690849304) 0.7678772211074829
flower_red (326.58148193359375, 10.512829780578613, -244.7816162109375) (0.0, 0.27063071727752686, 0.0, 0.7071067690849304) 0.551826536655426
flower_red (316.41314697265625, 10.146942138671875, -238.9225616455078) (0.0, 0.2722867727279663, 0.0, 0.7071067690849304) 0.7443798184394836
flower_red (312.35736083984375, 10.086371421813965, -242.1796875) (0.0, 0.5092886090278625, 0.0, 0.7071067690849304) 0.9502557516098022
flower_red (259.14825439453125, 8.29819393157959, -240.98941040039062) (0.0, 0.6393200755119324, 0.0, 0.7071067690849304) 1.1070923805236816
flower_red (256.5086364746094, 8.248479843139648, -242.55812072753906) (0.0, 0.40108391642570496, 0.0, 0.7071067690849304) 0.6037541627883911
flower_red (328.84637451171875, 10.449028968811035, -238.2584228515625) (0.0, 0.11270572990179062, 0.0, 0.7071067690849304) 1.0031569004058838
flower_red (318.0038146972656, 10.175398826599121, -238.1485137939453) (0.0, 0.06274106353521347, 0.0, 0.7071067690849304) 1.1684892177581787
flower_red (318.21295166015625, 10.248169898986816, -222.1813201904297) (0.0, 0.6619455814361572, 0.0, 0.7071067690849304) 0.5406846404075623
flower_red (268.3657531738281, 9.611615180969238, -233.07513427734375) (0.0, 0.10803931206464767, 0.0, 0.7071067690849304) 0.9810731410980225
flower_red (315.7942810058594, 10.12119197845459, -238.40728759765625) (0.0, 0.03263464197516441, 0.0, 0.7071067690849304) 0.868955135345459
flower_red (314.313232421875, 10.16106128692627, -243.04486083984375) (0.0, 0.49847471714019775, 0.0, 0.7071067690849304) 0.565509021282196
flower_red (263.7007751464844, 8.321843147277832, -248.7158203125) (0.0, 0.5259779691696167, 0.0, 0.7071067690849304) 0.5755905508995056
flower_red (309.6620178222656, 10.08633041381836, -248.31149291992188) (0.0, 0.36225494742393494, 0.0, 0.7071067690849304) 0.6205035448074341
flower_red (311.54669189453125, 10.134271621704102, -228.3092498779297) (0.0, 0.18335497379302979, 0.0, 0.7071067690849304) 0.8755759000778198
flower_red (273.80767822265625, 9.694425582885742, -235.19024658203125) (0.0, 0.0386255644261837, 0.0, 0.7071067690849304) 0.6182432174682617
flower_red (264.6234130859375, 8.48846435546875, -240.1839141845703) (0.0, 0.3726940453052521, 0.0, 0.7071067690849304) 0.7492480278015137
flower_red (313.4311218261719, 10.166336059570312, -244.88414001464844) (0.0, 0.13883619010448456, 0.0, 0.7071067690849304) 0.5844966173171997
flower_red (265.0859375, 8.9993896484375, -235.73455810546875) (0.0, 0.16785116493701935, 0.0, 0.7071067690849304) 1.0927846431732178
flower_red (319.9693603515625, 10.341894149780273, -244.11520385742188) (0.0, 0.06268500536680222, 0.0, 0.7071067690849304) 1.024289846420288
flower_red (264.8785705566406, 9.145986557006836, -234.8374786376953) (0.0, 0.6128806471824646, 0.0, 0.7071067690849304) 1.1134185791015625
flower_red (317.80230712890625, 10.160395622253418, -237.56629943847656) (0.0, 0.03999314457178116, 0.0, 0.7071067690849304) 0.5212088823318481
flower_red (310.4826354980469, 10.102681159973145, -247.5365753173828) (0.0, 0.4821563959121704, 0.0, 0.7071067690849304) 1.0091400146484375
flower_red (332.38763427734375, 10.55084228515625, -239.28514099121094) (0.0, 0.03461470082402229, 0.0, 0.7071067690849304) 0.5041190385818481
flower_red (329.8919677734375, 10.592035293579102, -245.80108642578125) (0.0, 0.0717315748333931, 0.0, 0.7071067690849304) 0.6412384510040283
flower_red (310.6733093261719, 10.111079216003418, -247.83103942871094) (0.0, 0.6255936026573181, 0.0, 0.7071067690849304) 0.5277848243713379
flower_red (314.4892272949219, 10.112515449523926, -239.99517822265625) (0.0, 0.3091088533401489, 0.0, 0.7071067690849304) 1.1153976917266846
flower_red (278.2828674316406, 10.457417488098145, -234.2623748779297) (0.0, 0.5156100988388062, 0.0, 0.7071067690849304) 0.5285492539405823
flower_red (321.7021789550781, 10.343189239501953, -241.88575744628906) (0.0, 0.5173601508140564, 0.0, 0.7071067690849304) 0.5983011722564697
flower_red (310.0214538574219, 10.091636657714844, -247.78065490722656) (0.0, 0.012172684073448181, 0.0, 0.7071067690849304) 1.1740756034851074
flower_red (322.2168884277344, 10.388053894042969, -243.4672393798828) (0.0, 0.6942883133888245, 0.0, 0.7071067690849304) 0.8638386726379395
flower_red (263.6022033691406, 8.613298416137695, -238.1490478515625) (0.0, 0.09045354276895523, 0.0, 0.7071067690849304) 0.5743156671524048
flower_red (331.12103271484375, 10.506240844726562, -237.99505615234375) (0.0, 0.34993287920951843, 0.0, 0.7071067690849304) 0.7471187114715576
flower_red (270.6340637207031, 8.501124382019043, -247.023193359375) (0.0, 0.44882339239120483, 0.0, 0.7071067690849304) 0.5562340021133423
flower_red (262.06689453125, 8.288747787475586, -247.0962677001953) (0.0, 0.03168170154094696, 0.0, 0.7071067690849304) 0.6298117637634277
flower_red (328.89276123046875, 10.522896766662598, -242.7554473876953) (0.0, 0.26477256417274475, 0.0, 0.7071067690849304) 0.5993469953536987
flower_red (271.5573425292969, 9.44239330291748, -235.5977325439453) (0.0, 0.08383361995220184, 0.0, 0.7071067690849304) 0.9639182090759277
flower_red (274.7273864746094, 10.117341041564941, -232.72911071777344) (0.0, 0.42714008688926697, 0.0, 0.7071067690849304) 0.5996381640434265
flower_red (274.651123046875, 9.779016494750977, -235.75738525390625) (0.0, 0.5727301239967346, 0.0, 0.7071067690849304) 0.6245239973068237
flower_red (272.49127197265625, 9.00130558013916, -242.32452392578125) (0.0, 0.3575603663921356, 0.0, 0.7071067690849304) 1.0111277103424072
flower_red (329.26971435546875, 10.63223648071289, -248.7098846435547) (0.0, 0.2037966102361679, 0.0, 0.7071067690849304) 0.6056252121925354
flower_red (279.6108093261719, 10.450450897216797, -234.59719848632812) (0.0, 0.4525018036365509, 0.0, 0.7071067690849304) 0.5633724927902222
flower_red (320.0712890625, 10.256656646728516, -239.58319091796875) (0.0, 0.2248562127351761, 0.0, 0.7071067690849304) 1.2320070266723633
flower_red (317.510009765625, 10.118589401245117, -228.28555297851562) (0.0, 0.389522522687912, 0.0, 0.7071067690849304) 1.106752872467041
flower_red (332.54705810546875, 10.574746131896973, -241.20480346679688) (0.0, 0.015829091891646385, 0.0, 0.7071067690849304) 1.1779544353485107
flower_red (273.7425537109375, 9.093474388122559, -242.1675262451172) (0.0, 0.1595948487520218, 0.0, 0.7071067690849304) 0.6985316276550293
flower_red (312.5379333496094, 10.041125297546387, -238.62644958496094) (0.0, 0.6311865448951721, 0.0, 0.7071067690849304) 0.9684279561042786
flower_red (273.9372863769531, 9.83189582824707, -234.20030212402344) (0.0, 0.6993073225021362, 0.0, 0.7071067690849304) 1.1776915788650513
flower_red (314.8740539550781, 10.078030586242676, -237.18768310546875) (0.0, 0.48016074299812317, 0.0, 0.7071067690849304) 0.927045464515686
flower_red (267.5567321777344, 9.962251663208008, -231.26577758789062) (0.0, 0.5213567614555359, 0.0, 0.7071067690849304) 0.5315049886703491
flower_red (267.99566650390625, 8.55424976348877, -242.35121154785156) (0.0, 0.3347933888435364, 0.0, 0.7071067690849304) 0.8076202869415283
flower_red (277.2326354980469, 10.063454627990723, -237.34762573242188) (0.0, 0.36419588327407837, 0.0, 0.7071067690849304) 0.596296489238739
flower_red (276.560302734375, 10.239313125610352, -234.50344848632812) (0.0, 0.21152137219905853, 0.0, 0.7071067690849304) 0.773780345916748
flower_red (311.6650390625, 10.147205352783203, -247.80142211914062) (0.0, 0.3757951259613037, 0.0, 0.7071067690849304) 1.1940280199050903
flower_red (258.4041442871094, 8.240296363830566, -247.95204162597656) (0.0, 0.4670204520225525, 0.0, 0.7071067690849304) 0.5716438293457031
flower_red (305.3390808105469, 10.321471214294434, -240.091796875) (0.0, 0.04771764948964119, 0.0, 0.7071067690849304) 1.1910219192504883
flower_red (316.9875183105469, 10.225141525268555, -242.339111328125) (0.0, 0.47860679030418396, 0.0, 0.7071067690849304) 1.002876877784729
flower_red (311.34539794921875, 10.040325164794922, -240.955078125) (0.0, 0.5503762364387512, 0.0, 0.7071067690849304) 0.9785641431808472
flower_red (315.4617004394531, 10.10452651977539, -237.91757202148438) (0.0, 0.35344767570495605, 0.0, 0.7071067690849304) 1.2145295143127441
flower_red (260.5713195800781, 8.467608451843262, -239.26856994628906) (0.0, 0.3244854509830475, 0.0, 0.7071067690849304) 0.5215486288070679
flower_red (270.585205078125, 8.666833877563477, -243.42340087890625) (0.0, 0.3700338900089264, 0.0, 0.7071067690849304) 1.2480237483978271
flower_red (261.11614990234375, 8.939582824707031, -237.02818298339844) (0.0, 0.12227778136730194, 0.0, 0.7071067690849304) 0.5128815770149231
flower_red (257.1869201660156, 8.25059700012207, -243.86766052246094) (0.0, 0.37470367550849915, 0.0, 0.7071067690849304) 0.5510894656181335
flower_red (275.9916687011719, 9.97844409942627, -236.1590576171875) (0.0, 0.4526575803756714, 0.0, 0.7071067690849304) 0.8369761109352112
flower_red (269.4203796386719, 10.624604225158691, -229.1382598876953) (0.0, 0.3891177475452423, 0.0, 0.7071067690849304) 1.027764081954956
flower_red (316.6775817871094, 10.120622634887695, -236.9241180419922) (0.0, 0.12577100098133087, 0.0, 0.7071067690849304) 0.8502280712127686
flower_red (270.6006774902344, 8.495059967041016, -246.58697509765625) (0.0, 0.5253673791885376, 0.0, 0.7071067690849304) 1.1661617755889893
flower_red (271.49957275390625, 8.923247337341309, -240.82574462890625) (0.0, 0.5746496915817261, 0.0, 0.7071067690849304) 0.6627898216247559
flower_red (324.6206970214844, 10.254137992858887, -229.48297119140625) (0.0, 0.5081038475036621, 0.0, 0.7071067690849304) 1.2138888835906982
flower_red (318.143310546875, 10.237618446350098, -241.24908447265625) (0.0, 0.07464088499546051, 0.0, 0.7071067690849304) 0.99189692735672
flower_red (272.5809020996094, 8.92976188659668, -242.8636016845703) (0.0, 0.24640943109989166, 0.0, 0.7071067690849304) 0.5874667167663574
flower_red (268.9964294433594, 8.490817070007324, -244.49761962890625) (0.0, 0.29471006989479065, 0.0, 0.7071067690849304) 0.9751619100570679
flower_red (333.52783203125, 10.716501235961914, -249.91432189941406) (0.0, 0.40873533487319946, 0.0, 0.7071067690849304) 1.0833452939987183
flower_red (256.94219970703125, 8.236347198486328, -244.11526489257812) (0.0, 0.2917167842388153, 0.0, 0.7071067690849304) 0.9014548063278198
flower_red (316.5570983886719, 10.063347816467285, -232.0827178955078) (0.0, 0.03336159139871597, 0.0, 0.7071067690849304) 1.1987357139587402
flower_red (307.3355407714844, 10.099946975708008, -239.5277862548828) (0.0, 0.6968217492103577, 0.0, 0.7071067690849304) 0.970664381980896
flower_red (266.2742004394531, 9.908390045166016, -231.38916015625) (0.0, 0.5937159061431885, 0.0, 0.7071067690849304) 0.7305663824081421
flower_red (316.8435363769531, 10.239531517028809, -223.05166625976562) (0.0, 0.42187267541885376, 0.0, 0.7071067690849304) 0.9748647212982178
flower_red (313.55224609375, 10.085883140563965, -240.0110626220703) (0.0, 0.09786683320999146, 0.0, 0.7071067690849304) 0.8114539980888367
flower_red (333.1343078613281, 10.698830604553223, -249.18862915039062) (0.0, 0.6016753911972046, 0.0, 0.7071067690849304) 1.2498650550842285
flower_red (314.0076904296875, 10.030129432678223, -232.87547302246094) (0.0, 0.1351051777601242, 0.0, 0.7071067690849304) 0.7112541198730469
flower_red (313.2137451171875, 10.185386657714844, -246.51092529296875) (0.0, 0.3956451117992401, 0.0, 0.7071067690849304) 1.0146806240081787
flower_red (331.4377746582031, 10.471652030944824, -233.47633361816406) (0.0, 0.576951801776886, 0.0, 0.7071067690849304) 0.5043990015983582
flower_red (330.95263671875, 10.657649993896484, -248.64309692382812) (0.0, 0.545362114906311, 0.0, 0.7071067690849304) 1.0219093561172485
flower_red (316.3739318847656, 10.104025840759277, -236.41705322265625) (0.0, 0.566494345664978, 0.0, 0.7071067690849304) 0.7915972471237183
flower_red (272.31915283203125, 9.229485511779785, -238.05264282226562) (0.0, 0.6373441815376282, 0.0, 0.7071067690849304) 0.9904911518096924
flower_red (269.908935546875, 8.504292488098145, -245.1813507080078) (0.0, 0.4356626868247986, 0.0, 0.7071067690849304) 0.756996750831604
flower_red (324.44573974609375, 10.435497283935547, -243.22349548339844) (0.0, 0.26293277740478516, 0.0, 0.7071067690849304) 0.5574083924293518
flower_red (323.3802185058594, 10.266736030578613, -235.44761657714844) (0.0, 0.13372477889060974, 0.0, 0.7071067690849304) 0.8869546055793762
flower_red (265.0103454589844, 9.040363311767578, -235.4462127685547) (0.0, 0.3595982491970062, 0.0, 0.7071067690849304) 0.7713419198989868
flower_red (267.6494140625, 8.662186622619629, -240.4636993408203) (0.0, 0.37352728843688965, 0.0, 0.7071067690849304) 1.1083506345748901
flower_red (319.88018798828125, 10.13988208770752, -232.94293212890625) (0.0, 0.16837075352668762, 0.0, 0.7071067690849304) 0.6930029392242432
flower_red (334.25604248046875, 10.7121000289917, -249.07785034179688) (0.0, 0.03230024874210358, 0.0, 0.7071067690849304) 1.2435184717178345
flower_red (319.6123962402344, 10.18376350402832, -236.2672119140625) (0.0, 0.30420389771461487, 0.0, 0.7071067690849304) 0.7836294174194336
flower_red (311.7225036621094, 10.310667991638184, -223.9220733642578) (0.0, 0.012495528906583786, 0.0, 0.7071067690849304) 0.741023063659668
flower_red (268.3682556152344, 9.160451889038086, -236.18894958496094) (0.0, 0.5977639555931091, 0.0, 0.7071067690849304) 1.0204180479049683
flower_red (324.94580078125, 10.466645240783691, -244.2788543701172) (0.0, 0.3659154772758484, 0.0, 0.7071067690849304) 0.6030347347259521
flower_red (322.0918273925781, 10.208852767944336, -233.9075469970703) (0.0, 0.2073584496974945, 0.0, 0.7071067690849304) 0.518373966217041
flower_red (277.6218566894531, 10.123510360717773, -237.42282104492188) (0.0, 0.4854709804058075, 0.0, 0.7071067690849304) 0.7211265563964844
flower_red (268.5479431152344, 9.418874740600586, -234.46070861816406) (0.0, 0.30489856004714966, 0.0, 0.7071067690849304) 0.8380674123764038
flower_red (268.4619140625, 9.249095916748047, -235.6393280029297) (0.0, 0.3848921060562134, 0.0, 0.7071067690849304) 0.6956222057342529
flower_red (327.2035827636719, 10.332242012023926, -232.26377868652344) (0.0, 0.6533665060997009, 0.0, 0.7071067690849304) 0.5440293550491333
flower_red (280.0804443359375, 10.538174629211426, -234.12147521972656) (0.0, 0.6738649606704712, 0.0, 0.7071067690849304) 0.893130898475647
flower_red (307.1011657714844, 10.227142333984375, -243.73226928710938) (0.0, 0.5589397549629211, 0.0, 0.7071067690849304) 0.7636999487876892
flower_red (266.0203552246094, 8.889522552490234, -236.77915954589844) (0.0, 0.5840892195701599, 0.0, 0.7071067690849304) 0.8636312484741211
flower_red (322.5558776855469, 10.497262001037598, -248.51239013671875) (0.0, 0.2582668662071228, 0.0, 0.7071067690849304) 1.2355090379714966
flower_red (278.56121826171875, 10.333117485046387, -235.1450958251953) (0.0, 0.495361328125, 0.0, 0.7071067690849304) 1.1116619110107422
flower_red (313.9472961425781, 10.14307689666748, -242.6659393310547) (0.0, 0.14019019901752472, 0.0, 0.7071067690849304) 1.0709514617919922
flower_red (265.9952392578125, 8.65118408203125, -239.28817749023438) (0.0, 0.4631526470184326, 0.0, 0.7071067690849304) 0.6876860857009888
flower_red (261.8828430175781, 8.93674087524414, -236.55166625976562) (0.0, 0.4739950895309448, 0.0, 0.7071067690849304) 1.0891025066375732
flower_red (312.85101318359375, 10.052288055419922, -238.89866638183594) (0.0, 0.08115080744028091, 0.0, 0.7071067690849304) 0.6019682884216309
flower_red (267.73504638671875, 8.410750389099121, -246.31884765625) (0.0, 0.6974566578865051, 0.0, 0.7071067690849304) 1.1798553466796875
flower_red (267.36090087890625, 8.396148681640625, -246.75518798828125) (0.0, 0.42667219042778015, 0.0, 0.7071067690849304) 1.1811507940292358
flower_red (269.3794250488281, 8.447720527648926, -247.8938751220703) (0.0, 0.6111709475517273, 0.0, 0.7071067690849304) 0.8739763498306274
flower_red (331.228515625, 10.653358459472656, -248.2156524658203) (0.0, 0.1113913357257843, 0.0, 0.7071067690849304) 0.9072390794754028
flower_red (269.28900146484375, 8.457891464233398, -248.431884765625) (0.0, 0.41027241945266724, 0.0, 0.7071067690849304) 0.6236764788627625
flower_red (307.26312255859375, 10.198296546936035, -243.07716369628906) (0.0, 1.1885411367984489e-05, 0.0, 0.7071067690849304) 0.9298280477523804
flower_red (267.14892578125, 8.854917526245117, -238.07872009277344) (0.0, 0.6131200790405273, 0.0, 0.7071067690849304) 1.0021239519119263
flower_red (272.37115478515625, 9.742574691772461, -234.05435180664062) (0.0, 0.4704211950302124, 0.0, 0.7071067690849304) 1.24043607711792
flower_red (326.5209045410156, 10.379863739013672, -221.66371154785156) (0.0, 0.1944986879825592, 0.0, 0.7071067690849304) 0.8158063292503357
flower_red (256.9133605957031, 8.262604713439941, -242.35250854492188) (0.0, 0.07000869512557983, 0.0, 0.7071067690849304) 1.1035826206207275
flower_red (317.167236328125, 10.182336807250977, -224.7022705078125) (0.0, 0.04369346797466278, 0.0, 0.7071067690849304) 0.9942821264266968
flower_red (323.51922607421875, 10.456507682800293, -245.42648315429688) (0.0, 0.2648702561855316, 0.0, 0.7071067690849304) 0.8310363292694092
flower_red (279.1836242675781, 10.135163307189941, -238.3300018310547) (0.0, 0.6502742171287537, 0.0, 0.7071067690849304) 0.802564263343811
flower_red (267.7021484375, 9.02080249786377, -237.00103759765625) (0.0, 0.6510473489761353, 0.0, 0.7071067690849304) 0.7298263311386108
flower_red (260.0923156738281, 8.258763313293457, -245.7159423828125) (0.0, 0.6143960356712341, 0.0, 0.7071067690849304) 1.0556083917617798
flower_red (270.8047180175781, 9.39766788482666, -235.6748809814453) (0.0, 0.6989768147468567, 0.0, 0.7071067690849304) 0.7864949703216553
flower_red (266.20343017578125, 8.3878812789917, -244.44508361816406) (0.0, 0.35118111968040466, 0.0, 0.7071067690849304) 0.6452559232711792
flower_red (276.04693603515625, 10.666266441345215, -230.33433532714844) (0.0, 0.11512723565101624, 0.0, 0.7071067690849304) 0.8930171728134155
flower_red (313.2890319824219, 10.211689949035645, -248.17788696289062) (0.0, 0.20780612528324127, 0.0, 0.7071067690849304) 0.7898067831993103
flower_red (323.3457946777344, 10.305166244506836, -237.82757568359375) (0.0, 0.5245806574821472, 0.0, 0.7071067690849304) 1.1897708177566528
flower_red (313.63189697265625, 10.162111282348633, -244.3650360107422) (0.0, 0.29542815685272217, 0.0, 0.7071067690849304) 0.7331521511077881
flower_red (332.1849060058594, 10.570290565490723, -241.4783477783203) (0.0, 0.2653046250343323, 0.0, 0.7071067690849304) 0.8371648788452148
flower_red (321.802734375, 10.444852828979492, -246.8248291015625) (0.0, 0.34837186336517334, 0.0, 0.7071067690849304) 0.5338660478591919
flower_red (320.74481201171875, 10.284494400024414, -222.34732055664062) (0.0, 0.11529085040092468, 0.0, 0.7071067690849304) 0.5251790285110474
flower_red (259.4198303222656, 8.25224494934082, -245.306884765625) (0.0, 0.10053136199712753, 0.0, 0.7071067690849304) 0.729581892490387
flower_red (269.1867980957031, 9.339670181274414, -235.28077697753906) (0.0, 0.5343396067619324, 0.0, 0.7071067690849304) 0.8891654014587402
flower_red (266.3382873535156, 8.664114952087402, -239.30865478515625) (0.0, 0.2637661099433899, 0.0, 0.7071067690849304) 0.5636761784553528
flower_red (311.0501403808594, 10.028037071228027, -240.58126831054688) (0.0, 0.012961420230567455, 0.0, 0.7071067690849304) 1.2121446132659912
flower_red (312.332763671875, 10.120153427124023, -228.3585968017578) (0.0, 0.5530983805656433, 0.0, 0.7071067690849304) 0.703713059425354
flower_red (267.26239013671875, 8.432939529418945, -244.1680145263672) (0.0, 0.13984079658985138, 0.0, 0.7071067690849304) 0.822210431098938
flower_red (320.9602966308594, 10.38619327545166, -244.9320831298828) (0.0, 0.3830817937850952, 0.0, 0.7071067690849304) 0.5949175357818604
flower_red (310.6829528808594, 10.026981353759766, -241.36521911621094) (0.0, 0.45196375250816345, 0.0, 0.7071067690849304) 1.1630630493164062
flower_red (330.8218688964844, 10.656262397766113, -248.67251586914062) (0.0, 0.11885014921426773, 0.0, 0.7071067690849304) 0.8944340348243713
flower_red (272.6273498535156, 9.050439834594727, -241.96783447265625) (0.0, 0.08293614536523819, 0.0, 0.7071067690849304) 0.5741422176361084
flower_red (280.18243408203125, 10.2141695022583, -236.102783203125) (0.0, 0.11230187863111496, 0.0, 0.7071067690849304) 0.8922314047813416
flower_red (319.4110107421875, 10.3185453414917, -243.63771057128906) (0.0, 0.36773502826690674, 0.0, 0.7071067690849304) 0.5504223108291626
flower_red (313.18731689453125, 10.079143524169922, -240.20835876464844) (0.0, 0.06333331018686295, 0.0, 0.7071067690849304) 0.9069316387176514
flower_red (262.88140869140625, 8.471697807312012, -239.27989196777344) (0.0, 0.6184466481208801, 0.0, 0.7071067690849304) 1.0591214895248413
flower_red (264.9693908691406, 8.34350872039795, -248.04212951660156) (0.0, 0.4456867277622223, 0.0, 0.7071067690849304) 1.1829378604888916
flower_red (271.7865295410156, 9.376638412475586, -236.2655029296875) (0.0, 0.4705028831958771, 0.0, 0.7071067690849304) 0.8414949178695679
flower_red (315.78619384765625, 10.086719512939453, -236.26950073242188) (0.0, 0.3985370397567749, 0.0, 0.7071067690849304) 1.2408185005187988
flower_red (274.1463317871094, 9.459497451782227, -239.24290466308594) (0.0, 0.24031567573547363, 0.0, 0.7071067690849304) 0.5175215005874634
flower_red (334.5670166015625, 10.684022903442383, -247.1424102783203) (0.0, 0.08156435191631317, 0.0, 0.7071067690849304) 1.0762653350830078
flower_red (314.1742248535156, 10.032744407653809, -232.6575164794922) (0.0, 0.1685415357351303, 0.0, 0.7071067690849304) 1.1737391948699951
flower_red (307.08807373046875, 10.223308563232422, -243.1927032470703) (0.0, 0.2872406244277954, 0.0, 0.7071067690849304) 1.1073942184448242
flower_red (309.273193359375, 10.078901290893555, -248.56549072265625) (0.0, 0.029888689517974854, 0.0, 0.7071067690849304) 1.0110483169555664
flower_red (267.6871337890625, 8.8906831741333, -237.96737670898438) (0.0, 0.5005735754966736, 0.0, 0.7071067690849304) 0.998916745185852
flower_red (333.0279541015625, 10.615675926208496, -243.74789428710938) (0.0, 0.4075320363044739, 0.0, 0.7071067690849304) 0.9827351570129395
flower_red (277.878173828125, 10.36754035949707, -234.75625610351562) (0.0, 0.41782546043395996, 0.0, 0.7071067690849304) 1.0184046030044556
flower_red (273.6358642578125, 9.319931983947754, -240.06558227539062) (0.0, 0.2956410050392151, 0.0, 0.7071067690849304) 0.5775746703147888
flower_red (314.08984375, 10.044391632080078, -235.85963439941406) (0.0, 0.34243202209472656, 0.0, 0.7071067690849304) 1.1378469467163086
flower_red (272.04425048828125, 9.098858833312988, -239.26815795898438) (0.0, 0.20424826443195343, 0.0, 0.7071067690849304) 0.9328994154930115
flower_red (274.8877258300781, 10.264382362365723, -232.01092529296875) (0.0, 0.5584421157836914, 0.0, 0.7071067690849304) 1.076411485671997
flower_red (267.4824523925781, 8.397292137145996, -247.2938232421875) (0.0, 0.30840516090393066, 0.0, 0.7071067690849304) 0.5400599241256714
flower_red (261.7710266113281, 8.284555435180664, -245.46876525878906) (0.0, 0.27633681893348694, 0.0, 0.7071067690849304) 1.2072603702545166
flower_red (263.79107666015625, 8.38968563079834, -241.64036560058594) (0.0, 0.3854924440383911, 0.0, 0.7071067690849304) 1.019310474395752
flower_red (276.4883728027344, 9.931254386901855, -237.41221618652344) (0.0, 0.28791218996047974, 0.0, 0.7071067690849304) 1.0971300601959229
flower_red (325.8529357910156, 10.463409423828125, -243.04058837890625) (0.0, 0.16081349551677704, 0.0, 0.7071067690849304) 0.9335944652557373
flower_red (269.03826904296875, 8.956086158752441, -238.29481506347656) (0.0, 0.21729549765586853, 0.0, 0.7071067690849304) 1.0409417152404785
flower_red (313.6208801269531, 10.02638053894043, -232.8307342529297) (0.0, 0.13515137135982513, 0.0, 0.7071067690849304) 0.616179347038269
flower_red (258.4818115234375, 8.245142936706543, -249.2281494140625) (0.0, 0.29930946230888367, 0.0, 0.7071067690849304) 0.610029399394989
flower_red (311.259521484375, 9.999968528747559, -236.9305419921875) (0.0, 0.08954983204603195, 0.0, 0.7071067690849304) 0.6617820262908936
flower_red (316.8113098144531, 10.131025314331055, -237.37564086914062) (0.0, 0.3457064926624298, 0.0, 0.7071067690849304) 1.1400291919708252
flower_red (266.1917724609375, 8.529180526733398, -241.16146850585938) (0.0, 0.4038434326648712, 0.0, 0.7071067690849304) 0.561995267868042
flower_red (320.1993103027344, 10.381807327270508, -245.84732055664062) (0.0, 0.5010871887207031, 0.0, 0.7071067690849304) 1.0991135835647583
flower_red (262.1328125, 8.518290519714355, -238.58743286132812) (0.0, 0.6753035187721252, 0.0, 0.7071067690849304) 0.6960124373435974
flower_red (326.3205261230469, 10.511026382446289, -244.9495849609375) (0.0, 0.322860449552536, 0.0, 0.7071067690849304) 0.8218234777450562
flower_red (323.4713134765625, 10.459228515625, -245.61473083496094) (0.0, 0.31581932306289673, 0.0, 0.7071067690849304) 0.7973507642745972
flower_red (322.5487365722656, 10.317646026611328, -221.37245178222656) (0.0, 0.392449289560318, 0.0, 0.7071067690849304) 0.8173143863677979
flower_red (270.0314636230469, 9.581476211547852, -234.0640106201172) (0.0, 0.5347687005996704, 0.0, 0.7071067690849304) 0.9359521865844727
flower_red (330.0711975097656, 10.501314163208008, -239.81448364257812) (0.0, 0.5819129943847656, 0.0, 0.7071067690849304) 0.9640291333198547
flower_red (328.6884460449219, 10.447357177734375, -238.37551879882812) (0.0, 0.6652980446815491, 0.0, 0.7071067690849304) 0.8900072574615479
flower_red (261.5560302734375, 8.281671524047852, -245.5301055908203) (0.0, 0.1241312325000763, 0.0, 0.7071067690849304) 0.6805298328399658
flower_red (264.0844421386719, 9.068143844604492, -235.323486328125) (0.0, 0.1576654613018036, 0.0, 0.7071067690849304) 0.6749656796455383
flower_red (316.0513000488281, 10.176501274108887, -240.99021911621094) (0.0, 0.2060307413339615, 0.0, 0.7071067690849304) 0.7098962068557739
flower_red (332.21240234375, 10.609552383422852, -244.3843231201172) (0.0, 0.2873219847679138, 0.0, 0.7071067690849304) 0.87352454662323
flower_red (326.08050537109375, 10.536052703857422, -246.48062133789062) (0.0, 0.239749476313591, 0.0, 0.7071067690849304) 1.1442198753356934
flower_red (260.2469482421875, 8.261713027954102, -244.95834350585938) (0.0, 0.529220700263977, 0.0, 0.7071067690849304) 0.5024887323379517
flower_red (335.439208984375, 10.64576244354248, -242.5175018310547) (0.0, 0.5162003636360168, 0.0, 0.7071067690849304) 0.5304124355316162
flower_red (275.9898376464844, 10.307432174682617, -232.17933654785156) (0.0, 0.4109097719192505, 0.0, 0.7071067690849304) 1.1913644075393677
flower_red (314.9402160644531, 10.047346115112305, -234.46368408203125) (0.0, 0.4236763119697571, 0.0, 0.7071067690849304) 1.061355710029602
flower_red (308.1078796386719, 10.115718841552734, -244.29931640625) (0.0, 0.34316712617874146, 0.0, 0.7071067690849304) 0.9402751922607422
flower_red (272.0615234375, 8.63512134552002, -245.821533203125) (0.0, 0.027902815490961075, 0.0, 0.7071067690849304) 0.7994956374168396
flower_red (321.8417663574219, 10.468059539794922, -248.07720947265625) (0.0, 0.4987851083278656, 0.0, 0.7071067690849304) 0.7563232183456421
flower_red (307.3609619140625, 10.177491188049316, -246.2533416748047) (0.0, 0.5450064539909363, 0.0, 0.7071067690849304) 1.0837841033935547
flower_red (312.101318359375, 10.084702491760254, -242.70477294921875) (0.0, 0.3890220522880554, 0.0, 0.7071067690849304) 0.6266964673995972
flower_red (318.5108947753906, 10.348272323608398, -246.40589904785156) (0.0, 0.0373367965221405, 0.0, 0.7071067690849304) 0.5976361036300659
flower_red (330.2086486816406, 10.454487800598145, -235.39280700683594) (0.0, 0.48574352264404297, 0.0, 0.7071067690849304) 0.5729162693023682
flower_red (271.5085754394531, 8.590043067932129, -245.51316833496094) (0.0, 0.22773492336273193, 0.0, 0.7071067690849304) 1.0924036502838135
flower_red (269.2016296386719, 8.88007926940918, -239.1680450439453) (0.0, 0.4876662492752075, 0.0, 0.7071067690849304) 1.1215245723724365
flower_red (265.9297790527344, 8.369582176208496, -249.6711883544922) (0.0, 0.35097458958625793, 0.0, 0.7071067690849304) 1.0461177825927734
flower_red (307.0782470703125, 10.141786575317383, -240.26316833496094) (0.0, 0.2911742031574249, 0.0, 0.7071067690849304) 0.7376682758331299
flower_red (310.8959655761719, 10.057184219360352, -243.29998779296875) (0.0, 0.6654286980628967, 0.0, 0.7071067690849304) 0.72291100025177
flower_red (270.6107482910156, 8.536344528198242, -247.8374786376953) (0.0, 0.1918822079896927, 0.0, 0.7071067690849304) 0.8631963133811951
flower_red (263.00750732421875, 8.310208320617676, -248.5232696533203) (0.0, 0.21945947408676147, 0.0, 0.7071067690849304) 0.8088067770004272
flower_red (271.95166015625, 8.713634490966797, -244.42138671875) (0.0, 0.3336705267429352, 0.0, 0.7071067690849304) 1.129640817642212
flower_red (320.1130065917969, 10.25552749633789, -239.46237182617188) (0.0, 0.16716350615024567, 0.0, 0.7071067690849304) 1.0060081481933594
flower_red (324.1058044433594, 10.234073638916016, -231.44847106933594) (0.0, 0.5672414302825928, 0.0, 0.7071067690849304) 1.1947180032730103
flower_red (319.0130615234375, 10.35596752166748, -246.04966735839844) (0.0, 0.20496618747711182, 0.0, 0.7071067690849304) 0.6169884204864502
flower_red (308.1658935546875, 10.111295700073242, -245.84275817871094) (0.0, 0.617851197719574, 0.0, 0.7071067690849304) 0.7525182962417603
flower_red (268.7892150878906, 8.691034317016602, -241.1500244140625) (0.0, 0.38352400064468384, 0.0, 0.7071067690849304) 0.5800712704658508
flower_red (321.51080322265625, 10.381434440612793, -244.096435546875) (0.0, 0.5547003149986267, 0.0, 0.7071067690849304) 0.6342990398406982
flower_red (319.49163818359375, 10.23979663848877, -239.58299255371094) (0.0, 0.5935404896736145, 0.0, 0.7071067690849304) 0.8007401823997498
flower_red (267.43280029296875, 9.183919906616211, -235.25350952148438) (0.0, 0.5961176753044128, 0.0, 0.7071067690849304) 0.6205257773399353
flower_red (260.0591735839844, 8.258441925048828, -246.7440643310547) (0.0, 0.147926926612854, 0.0, 0.7071067690849304) 0.997204065322876
flower_red (270.2017517089844, 8.5680513381958, -244.31198120117188) (0.0, 0.5644212365150452, 0.0, 0.7071067690849304) 0.9372892379760742
flower_red (275.156982421875, 10.565850257873535, -230.71002197265625) (0.0, 0.6353110671043396, 0.0, 0.7071067690849304) 1.0766358375549316
flower_red (260.6302490234375, 8.280130386352539, -242.8490753173828) (0.0, 0.6440513730049133, 0.0, 0.7071067690849304) 0.8890717625617981
flower_red (322.8316650390625, 10.300325393676758, -222.3567657470703) (0.0, 0.09559773653745651, 0.0, 0.7071067690849304) 0.8011711239814758
flower_red (327.2066650390625, 10.3433198928833, -233.41709899902344) (0.0, 0.019596176221966743, 0.0, 0.7071067690849304) 1.1883164644241333
flower_red (274.6818542480469, 9.360506057739258, -241.32147216796875) (0.0, 0.17802390456199646, 0.0, 0.7071067690849304) 0.5027647018432617
flower_red (323.349365234375, 10.449544906616211, -245.2371063232422) (0.0, 0.42096802592277527, 0.0, 0.7071067690849304) 0.523460865020752
flower_red (320.5986633300781, 10.150406837463379, -232.3123779296875) (0.0, 0.007252376526594162, 0.0, 0.7071067690849304) 0.8022300004959106
flower_red (267.6361083984375, 9.214994430541992, -235.2659454345703) (0.0, 0.38681644201278687, 0.0, 0.7071067690849304) 0.6927404403686523
flower_red (309.7256164550781, 10.033702850341797, -242.4523468017578) (0.0, 0.5155508518218994, 0.0, 0.7071067690849304) 1.2333847284317017
flower_red (311.11907958984375, 10.04189682006836, -241.79611206054688) (0.0, 0.2556469440460205, 0.0, 0.7071067690849304) 0.6330738663673401
flower_red (266.9576721191406, 9.132410049438477, -235.35382080078125) (0.0, 0.6084744334220886, 0.0, 0.7071067690849304) 1.0296308994293213
