flower_red (-175.30047607421875, 13.1854829788208, 28.675973892211914) (0.0, 0.21722865104675293, 0.0, 0.7071067690849304) 1.0871303081512451
flower_red (-139.0784454345703, 9.49871826171875, 0.9812116622924805) (0.0, 0.1716783493757248, 0.0, 0.7071067690849304) 0.7595176696777344
flower_red (-134.3846893310547, 15.930030822753906, 55.442691802978516) (0.0, 0.2351617068052292, 0.0, 0.7071067690849304) 1.0829566717147827
flower_red (-138.89694213867188, 16.213319778442383, 49.77780532836914) (0.0, 0.4189029932022095, 0.0, 0.7071067690849304) 0.5303183794021606
flower_red (-164.7434844970703, 12.381707191467285, 27.728975296020508) (0.0, 0.4800252914428711, 0.0, 0.7071067690849304) 0.5403143167495728
flower_red (-167.91253662109375, 12.496984481811523, 27.835250854492188) (0.0, 0.1381894052028656, 0.0, 0.7071067690849304) 1.2182722091674805
flower_red (-186.13296508789062, 18.672231674194336, 51.896690368652344) (0.0, 0.23624606430530548, 0.0, 0.7071067690849304) 0.797421395778656
flower_red (-164.83860778808594, 12.159770965576172, 26.536882400512695) (0.0, 0.29758286476135254, 0.0, 0.7071067690849304) 0.7309713363647461
flower_red (-166.0121612548828, 18.87809181213379, 117.39224243164062) (0.0, 0.018994487822055817, 0.0, 0.7071067690849304) 0.8876593112945557
flower_red (-169.27313232421875, 13.310489654541016, 32.5092658996582) (0.0, 0.4935680031776428, 0.0, 0.7071067690849304) 0.9123764038085938
flower_red (-165.3879852294922, 18.864656448364258, 120.15181732177734) (0.0, 0.6619252562522888, 0.0, 0.7071067690849304) 1.1384389400482178
flower_red (-134.70298767089844, 15.907690048217773, 53.42095947265625) (0.0, 0.6154428720474243, 0.0, 0.7071067690849304) 0.9608451724052429
flower_red (-167.49412536621094, 10.994292259216309, 13.671636581420898) (0.0, 0.3836098909378052, 0.0, 0.7071067690849304) 1.1915943622589111
flower_red (-160.5431365966797, 12.208600044250488, 26.699901580810547) (0.0, 0.5313079953193665, 0.0, 0.7071067690849304) 0.9804881811141968
flower_red (-138.2879638671875, 16.23600196838379, 51.016571044921875) (0.0, 0.09797776490449905, 0.0, 0.7071067690849304) 0.8108242154121399
flower_red (-157.6488037109375, 10.600159645080566, 16.311763763427734) (0.0, 0.5609561800956726, 0.0, 0.7071067690849304) 0.9710833430290222
flower_red (-164.6529998779297, 12.513569831848145, 28.37091636657715) (0.0, 0.44474920630455017, 0.0, 0.7071067690849304) 1.08719801902771
flower_red (-164.21771240234375, 16.14593505859375, 90.10523223876953) (0.0, 0.20349441468715668, 0.0, 0.7071067690849304) 0.6916854381561279
flower_red (-158.7988739013672, 10.687820434570312, 16.763805389404297) (0.0, 0.4234081506729126, 0.0, 0.7071067690849304) 1.1147984266281128
flower_red (-158.92428588867188, 15.265421867370605, 80.90007019042969) (0.0, 0.6447669267654419, 0.0, 0.7071067690849304) 1.0961368083953857
flower_red (-166.22573852539062, 13.830568313598633, 35.857139587402344) (0.0, 0.06991656124591827, 0.0, 0.7071067690849304) 0.9617955684661865
flower_red (-162.2001495361328, 13.09325885772705, 31.032264709472656) (0.0, 0.604676365852356, 0.0, 0.7071067690849304) 1.1699377298355103
flower_red (-156.73231506347656, 14.922511100769043, 86.47740173339844) (0.0, 0.29757925868034363, 0.0, 0.7071067690849304) 0.6845977306365967
flower_red (-159.8162078857422, 12.404010772705078, 27.52906036376953) (0.0, 0.6960195899009705, 0.0, 0.7071067690849304) 0.9895601868629456
flower_red (-158.31768798828125, 10.622652053833008, 16.227006912231445) (0.0, 0.4389326274394989, 0.0, 0.7071067690849304) 1.0918844938278198
flower_red (-175.73403930664062, 15.580815315246582, 44.40510177612305) (0.0, 0.10154811292886734, 0.0, 0.7071067690849304) 0.8492035865783691
flower_red (-163.74307250976562, 11.653695106506348, 23.158370971679688) (0.0, 0.458041250705719, 0.0, 0.7071067690849304) 1.2136621475219727
flower_red (-156.910888671875, 11.58279800415039, 23.879528045654297) (0.0, 0.09146970510482788, 0.0, 0.7071067690849304) 0.7023404836654663
flower_red (-186.13433837890625, 19.263620376586914, 56.22798156738281) (0.0, 0.2736154794692993, 0.0, 0.7071067690849304) 1.1672816276550293
flower_red (-170.52871704101562, 12.523789405822754, 26.79926109313965) (0.0, 0.3633516728878021, 0.0, 0.7071067690849304) 0.7989460229873657
flower_red (-171.40084838867188, 20.41388511657715, 120.38868713378906) (0.0, 0.08456023037433624, 0.0, 0.7071067690849304) 1.2329503297805786
flower_red (-175.3772430419922, 14.972037315368652, 40.73274230957031) (0.0, 0.2238273322582245, 0.0, 0.7071067690849304) 0.9386838674545288
flower_red (-160.71450805664062, 15.549285888671875, 78.68629455566406) (0.0, 0.053192440420389175, 0.0, 0.7071067690849304) 1.0955760478973389
flower_red (-162.58270263671875, 12.849309921264648, 29.867887496948242) (0.0, 0.138833150267601, 0.0, 0.7071067690849304) 0.711888313293457
flower_red (-162.13583374023438, 15.737585067749023, 84.1106185913086) (0.0, 0.6271198987960815, 0.0, 0.7071067690849304) 1.1829044818878174
flower_red (-161.65370178222656, 15.671833038330078, 83.35244750976562) (0.0, 0.043538451194763184, 0.0, 0.7071067690849304) 0.9853993654251099
flower_red (-166.24832153320312, 16.534975051879883, 87.50527954101562) (0.0, 0.4305061101913452, 0.0, 0.7071067690849304) 0.9111126661300659
flower_red (-162.19949340820312, 15.755860328674316, 88.64093017578125) (0.0, 0.503315806388855, 0.0, 0.7071067690849304) 0.8339512348175049
flower_red (-169.17263793945312, 11.93437671661377, 23.121536254882812) (0.0, 0.0075575197115540504, 0.0, 0.7071067690849304) 1.1969830989837646
flower_red (-170.9193572998047, 13.45153522491455, 33.40214538574219) (0.0, 0.02451336570084095, 0.0, 0.7071067690849304) 0.942573606967926
flower_red (-157.94146728515625, 10.552839279174805, 15.581727027893066) (0.0, 0.15021170675754547, 0.0, 0.7071067690849304) 0.6437355279922485
flower_red (-165.82125854492188, 18.87358283996582, 118.01880645751953) (0.0, 0.6405560374259949, 0.0, 0.7071067690849304) 1.1316115856170654
flower_red (-132.9265899658203, 15.703783988952637, 55.23705291748047) (0.0, 0.0499272383749485, 0.0, 0.7071067690849304) 0.5932586193084717
flower_red (-136.73251342773438, 15.912650108337402, 49.22777557373047) (0.0, 0.09101249277591705, 0.0, 0.7071067690849304) 0.8464740514755249
flower_red (-140.04803466796875, 16.314605712890625, 50.45396041870117) (0.0, 0.6385952830314636, 0.0, 0.7071067690849304) 1.085632085800171
flower_red (-169.0044403076172, 12.480575561523438, 27.145444869995117) (0.0, 0.2806423604488373, 0.0, 0.7071067690849304) 0.6974200010299683
flower_red (-173.39700317382812, 12.170812606811523, 22.028684616088867) (0.0, 0.05564412474632263, 0.0, 0.7071067690849304) 0.902691662311554
flower_red (-161.3776092529297, 11.535625457763672, 23.031770706176758) (0.0, 0.7058892250061035, 0.0, 0.7071067690849304) 0.860566258430481
flower_red (-156.8599395751953, 10.767061233520508, 18.232704162597656) (0.0, 0.07391208410263062, 0.0, 0.7071067690849304) 1.0325777530670166
flower_red (-169.98838806152344, 14.500385284423828, 39.90614318847656) (0.0, 0.634700357913971, 0.0, 0.7071067690849304) 1.1210834980010986
flower_red (-184.32754516601562, 17.476985931396484, 47.050655364990234) (0.0, 0.037237245589494705, 0.0, 0.7071067690849304) 0.8558788895606995
flower_red (-142.09788513183594, 16.35552978515625, 48.91765213012695) (0.0, 0.5229911208152771, 0.0, 0.7071067690849304) 0.9130600690841675
flower_red (-178.15357971191406, 14.08915901184082, 33.133445739746094) (0.0, 0.0667717307806015, 0.0, 0.7071067690849304) 1.1365127563476562
flower_red (-136.23863220214844, 16.155315399169922, 54.77070617675781) (0.0, 0.15825989842414856, 0.0, 0.7071067690849304) 0.9943448901176453
flower_red (-165.48597717285156, 13.095815658569336, 31.225502014160156) (0.0, 0.6882731914520264, 0.0, 0.7071067690849304) 0.8420408964157104
flower_red (-178.7550506591797, 16.260265350341797, 45.969486236572266) (0.0, 0.34585854411125183, 0.0, 0.7071067690849304) 0.7603203654289246
flower_red (-139.1778564453125, 16.07248306274414, 48.188148498535156) (0.0, 0.5351648926734924, 0.0, 0.7071067690849304) 0.9602497220039368
flower_red (-155.62445068359375, 10.853395462036133, 19.80698013305664) (0.0, 0.4209473729133606, 0.0, 0.7071067690849304) 0.8006671667098999
flower_red (-152.7157440185547, 13.07281494140625, 29.915273666381836) (0.0, 0.3189515769481659, 0.0, 0.7071067690849304) 0.9553077220916748
flower_red (-131.02621459960938, 15.344432830810547, 53.71123504638672) (0.0, 0.45351263880729675, 0.0, 0.7071067690849304) 1.075563907623291
flower_red (-177.15113830566406, 13.995098114013672, 33.423484802246094) (0.0, 0.616203784942627, 0.0, 0.7071067690849304) 0.5140656232833862
flower_red (-175.82589721679688, 12.349628448486328, 19.864856719970703) (0.0, 0.27817171812057495, 0.0, 0.7071067690849304) 0.5857300162315369
flower_red (-200.65658569335938, 24.17244529724121, 66.47991943359375) (0.0, 0.421947181224823, 0.0, 0.7071067690849304) 1.0081260204315186
flower_red (-172.27757263183594, 13.40052604675293, 32.59211730957031) (0.0, 0.15611006319522858, 0.0, 0.7071067690849304) 0.5046983957290649
flower_red (-160.40151977539062, 15.444807052612305, 88.46849060058594) (0.0, 0.5917304754257202, 0.0, 0.7071067690849304) 0.6848083734512329
flower_red (-154.3681640625, 10.483858108520508, 16.132413864135742) (0.0, 0.6305760145187378, 0.0, 0.7071067690849304) 0.8090548515319824
flower_red (-198.03994750976562, 23.28856658935547, 64.493896484375) (0.0, 0.21464741230010986, 0.0, 0.7071067690849304) 0.9732151627540588
flower_red (-165.0489044189453, 11.023404121398926, 16.93355941772461) (0.0, 0.4123859107494354, 0.0, 0.7071067690849304) 1.1818687915802002
flower_red (-176.25070190429688, 12.323505401611328, 16.17598533630371) (0.0, 0.41831427812576294, 0.0, 0.7071067690849304) 0.54666668176651
flower_red (-137.7991485595703, 9.492680549621582, 0.509798526763916) (0.0, 0.4229496121406555, 0.0, 0.7071067690849304) 0.8603495359420776
flower_red (-164.37745666503906, 18.671497344970703, 121.23858642578125) (0.0, 0.608147144317627, 0.0, 0.7071067690849304) 1.206878900527954
flower_red (-132.5334930419922, 15.704577445983887, 57.22552490234375) (0.0, 0.3907206654548645, 0.0, 0.7071067690849304) 0.7726635336875916
flower_red (-175.5163116455078, 12.865358352661133, 25.976539611816406) (0.0, 0.45554319024086, 0.0, 0.7071067690849304) 0.8217684030532837
flower_red (-158.50341796875, 15.187227249145508, 81.37029266357422) (0.0, 0.24944248795509338, 0.0, 0.7071067690849304) 0.7228091359138489
flower_red (-160.86215209960938, 15.540677070617676, 83.93013763427734) (0.0, 0.21512585878372192, 0.0, 0.7071067690849304) 0.8931729793548584
flower_red (-167.1389923095703, 10.993721961975098, 14.269590377807617) (0.0, 0.5232889652252197, 0.0, 0.7071067690849304) 1.1696854829788208
flower_red (-160.85528564453125, 12.828492164611816, 29.640138626098633) (0.0, 0.07203570753335953, 0.0, 0.7071067690849304) 0.9858814477920532
flower_red (-168.63406372070312, 11.017072677612305, 12.08382797241211) (0.0, 0.5226784944534302, 0.0, 0.7071067690849304) 1.1877987384796143
flower_red (-171.51242065429688, 14.464278221130371, 39.285423278808594) (0.0, 0.333835244178772, 0.0, 0.7071067690849304) 0.5703344345092773
flower_red (-160.61151123046875, 15.49403190612793, 84.4590072631836) (0.0, 0.016843145713210106, 0.0, 0.7071067690849304) 0.6260004043579102
flower_red (-175.1030731201172, 15.33871841430664, 43.280303955078125) (0.0, 0.44306883215904236, 0.0, 0.7071067690849304) 0.9828370809555054
flower_red (-171.49234008789062, 15.2998046875, 45.1003303527832) (0.0, 0.47771385312080383, 0.0, 0.7071067690849304) 0.7559576034545898
flower_red (-165.6197967529297, 11.168444633483887, 18.237770080566406) (0.0, 0.6987234354019165, 0.0, 0.7071067690849304) 1.0045992136001587
flower_red (-168.35296630859375, 16.95408821105957, 87.31913757324219) (0.0, 0.166729137301445, 0.0, 0.7071067690849304) 0.9863888025283813
flower_red (-180.7004852294922, 14.91038990020752, 37.04875564575195) (0.0, 0.5841598510742188, 0.0, 0.7071067690849304) 0.8502312898635864
flower_red (-136.22361755371094, 15.75944995880127, 48.40004348754883) (0.0, 0.6453863978385925, 0.0, 0.7071067690849304) 0.7141621112823486
flower_red (-180.8162384033203, 15.132257461547852, 38.900611877441406) (0.0, 0.30108511447906494, 0.0, 0.7071067690849304) 0.8066921234130859
flower_red (-158.70272827148438, 10.660091400146484, 16.476869583129883) (0.0, 0.6904579401016235, 0.0, 0.7071067690849304) 1.036714792251587
flower_red (-170.73374938964844, 11.319379806518555, 13.010501861572266) (0.0, 0.3973870277404785, 0.0, 0.7071067690849304) 0.8493424654006958
flower_red (-164.96145629882812, 18.60587501525879, 117.14369201660156) (0.0, 0.013999496586620808, 0.0, 0.7071067690849304) 1.1241340637207031
flower_red (-163.9777374267578, 10.952279090881348, 16.832054138183594) (0.0, 0.2394658327102661, 0.0, 0.7071067690849304) 0.851894736289978
flower_red (-170.4235076904297, 11.276598930358887, 12.895404815673828) (0.0, 0.6094310283660889, 0.0, 0.7071067690849304) 0.9708634614944458
flower_red (-161.43524169921875, 11.090340614318848, 19.610702514648438) (0.0, 0.32775378227233887, 0.0, 0.7071067690849304) 0.8291727304458618
flower_red (-185.05960083007812, 15.889442443847656, 39.25907516479492) (0.0, 0.09707464277744293, 0.0, 0.7071067690849304) 0.7948175668716431
flower_red (-158.41018676757812, 12.413122177124023, 27.49747085571289) (0.0, 0.11706607043743134, 0.0, 0.7071067690849304) 1.1442804336547852
flower_red (-173.8351593017578, 14.999972343444824, 41.880489349365234) (0.0, 0.11416342109441757, 0.0, 0.7071067690849304) 0.9932391047477722
flower_red (-160.6258087158203, 10.446772575378418, 12.470901489257812) (0.0, 0.1365964114665985, 0.0, 0.7071067690849304) 0.7322525978088379
flower_red (-134.4295196533203, 15.861139297485352, 63.46500015258789) (0.0, 0.45131391286849976, 0.0, 0.7071067690849304) 0.9983120560646057
flower_red (-164.89076232910156, 11.4091157913208, 20.970285415649414) (0.0, 0.2613126337528229, 0.0, 0.7071067690849304) 0.918758749961853
flower_red (-138.1016387939453, 16.255931854248047, 51.915584564208984) (0.0, 0.37004560232162476, 0.0, 0.7071067690849304) 1.1553900241851807
flower_red (-175.20880126953125, 13.637310981750488, 32.24909210205078) (0.0, 0.3892863988876343, 0.0, 0.7071067690849304) 0.9885460138320923
flower_red (-157.28021240234375, 11.514196395874023, 23.466705322265625) (0.0, 0.4868345260620117, 0.0, 0.7071067690849304) 0.5999832153320312
flower_red (-174.03817749023438, 13.431783676147461, 31.477869033813477) (0.0, 0.14014947414398193, 0.0, 0.7071067690849304) 0.811079740524292
flower_red (-167.0680694580078, 19.314619064331055, 121.39534759521484) (0.0, 0.3063563406467438, 0.0, 0.7071067690849304) 0.7723979949951172
flower_red (-137.8181610107422, 9.49978256225586, 0.7603764533996582) (0.0, 0.688954770565033, 0.0, 0.7071067690849304) 0.507928729057312
flower_red (-171.38034057617188, 13.199712753295898, 31.418264389038086) (0.0, 0.247689351439476, 0.0, 0.7071067690849304) 0.9564277529716492
flower_red (-161.47482299804688, 15.661613464355469, 81.79569244384766) (0.0, 0.458016961812973, 0.0, 0.7071067690849304) 0.6487844586372375
flower_red (-168.62863159179688, 14.284491539001465, 38.684906005859375) (0.0, 0.08537670224905014, 0.0, 0.7071067690849304) 1.077095866203308
flower_red (-157.8517608642578, 10.637179374694824, 16.646682739257812) (0.0, 0.6068947911262512, 0.0, 0.7071067690849304) 0.6119405627250671
flower_red (-173.6424560546875, 12.047428131103516, 20.619810104370117) (0.0, 0.01896987482905388, 0.0, 0.7071067690849304) 0.7579774856567383
flower_red (-174.76123046875, 15.162513732910156, 42.380096435546875) (0.0, 0.634257972240448, 0.0, 0.7071067690849304) 0.5366767644882202
flower_red (-155.3671417236328, 12.101142883300781, 26.19564437866211) (0.0, 0.3006950914859772, 0.0, 0.7071067690849304) 1.068464994430542
flower_red (-165.077392578125, 10.796119689941406, 13.859272003173828) (0.0, 0.6071102619171143, 0.0, 0.7071067690849304) 0.878096342086792
flower_red (-202.1510009765625, 24.629987716674805, 66.81561279296875) (0.0, 0.11506131291389465, 0.0, 0.7071067690849304) 1.1253297328948975
flower_red (-157.8111114501953, 15.112407684326172, 79.39887237548828) (0.0, 0.29373639822006226, 0.0, 0.7071067690849304) 1.1783804893493652
flower_red (-163.57403564453125, 16.06954574584961, 81.11077880859375) (0.0, 0.1399155706167221, 0.0, 0.7071067690849304) 0.5244350433349609
flower_red (-158.86956787109375, 15.273375511169434, 79.54627227783203) (0.0, 0.13102282583713531, 0.0, 0.7071067690849304) 0.8192465305328369
flower_red (-178.2227783203125, 16.358142852783203, 47.471702575683594) (0.0, 0.1827000081539154, 0.0, 0.7071067690849304) 1.1996880769729614
flower_red (-160.7480010986328, 11.390861511230469, 22.080659866333008) (0.0, 0.4904937148094177, 0.0, 0.7071067690849304) 1.1837491989135742
flower_red (-169.5802764892578, 14.374627113342285, 39.155067443847656) (0.0, 0.6682478189468384, 0.0, 0.7071067690849304) 0.6178233623504639
flower_red (-154.52772521972656, 10.549148559570312, 16.960739135742188) (0.0, 0.37957510352134705, 0.0, 0.7071067690849304) 0.7989827990531921
flower_red (-162.43899536132812, 12.515676498413086, 28.336822509765625) (0.0, 0.45124369859695435, 0.0, 0.7071067690849304) 1.1119630336761475
flower_red (-177.2273712158203, 12.75411605834961, 22.436798095703125) (0.0, 0.1260460466146469, 0.0, 0.7071067690849304) 0.5923149585723877
flower_red (-210.60968017578125, 26.48015785217285, 61.38181686401367) (0.0, 0.14843808114528656, 0.0, 0.7071067690849304) 1.0807769298553467
flower_red (-158.0170440673828, 10.808066368103027, 18.21356964111328) (0.0, 0.3664788007736206, 0.0, 0.7071067690849304) 0.6548560857772827
flower_red (-164.71702575683594, 10.619555473327637, 11.35551929473877) (0.0, 0.471064954996109, 0.0, 0.7071067690849304) 0.70346999168396
flower_red (-172.29824829101562, 14.563627243041992, 39.641082763671875) (0.0, 0.5360954999923706, 0.0, 0.7071067690849304) 0.8309546709060669
flower_red (-171.0225372314453, 12.970841407775879, 29.720962524414062) (0.0, 0.1102304458618164, 0.0, 0.7071067690849304) 1.21884024143219
flower_red (-177.72781372070312, 12.769817352294922, 21.31283187866211) (0.0, 0.684478223323822, 0.0, 0.7071067690849304) 1.105642318725586
flower_red (-153.7244873046875, 10.56338882446289, 17.797290802001953) (0.0, 0.22047117352485657, 0.0, 0.7071067690849304) 0.8391934633255005
flower_red (-165.1911163330078, 10.744486808776855, 12.88551139831543) (0.0, 0.7044079303741455, 0.0, 0.7071067690849304) 1.2283525466918945
flower_red (-130.8792266845703, 15.441761016845703, 57.02179718017578) (0.0, 0.33313921093940735, 0.0, 0.7071067690849304) 1.0631475448608398
flower_red (-163.45423889160156, 12.118361473083496, 26.450515747070312) (0.0, 0.39358270168304443, 0.0, 0.7071067690849304) 1.0844709873199463
flower_red (-154.97386169433594, 10.57363224029541, 16.99042320251465) (0.0, 0.6306405067443848, 0.0, 0.7071067690849304) 0.7789403200149536
flower_red (-173.6200408935547, 13.230416297912598, 30.188024520874023) (0.0, 0.5343945622444153, 0.0, 0.7071067690849304) 0.8584956526756287
flower_red (-170.35877990722656, 11.336236953735352, 14.040946960449219) (0.0, 0.383737176656723, 0.0, 0.7071067690849304) 1.2079048156738281
flower_red (-174.8372344970703, 15.426663398742676, 44.095157623291016) (0.0, 0.03730526939034462, 0.0, 0.7071067690849304) 0.6497679948806763
flower_red (-169.59471130371094, 11.654592514038086, 20.512819290161133) (0.0, 0.20451581478118896, 0.0, 0.7071067690849304) 0.5463376045227051
flower_red (-181.21678161621094, 14.079314231872559, 26.67963409423828) (0.0, 0.069026418030262, 0.0, 0.7071067690849304) 0.8115469813346863
flower_red (-167.66310119628906, 11.180245399475098, 16.643762588500977) (0.0, 0.3719305992126465, 0.0, 0.7071067690849304) 0.8211476802825928
flower_red (-154.68556213378906, 10.50141429901123, 16.224979400634766) (0.0, 0.5617820024490356, 0.0, 0.7071067690849304) 0.813910722732544
flower_red (-170.16160583496094, 11.198674201965332, 12.079238891601562) (0.0, 0.603272557258606, 0.0, 0.7071067690849304) 0.567150354385376
flower_red (-164.27587890625, 13.390950202941895, 32.81366729736328) (0.0, 0.45767128467559814, 0.0, 0.7071067690849304) 1.2283408641815186
flower_red (-159.84750366210938, 15.390056610107422, 83.19139099121094) (0.0, 0.18548397719860077, 0.0, 0.7071067690849304) 0.9483683109283447
flower_red (-136.93910217285156, 16.231040954589844, 53.72792434692383) (0.0, 0.1535576581954956, 0.0, 0.7071067690849304) 0.5800777077674866
flower_red (-169.60382080078125, 14.365585327148438, 39.097965240478516) (0.0, 0.06842060387134552, 0.0, 0.7071067690849304) 0.9874019026756287
flower_red (-133.778564453125, 15.898384094238281, 58.2427978515625) (0.0, 0.5008345246315002, 0.0, 0.7071067690849304) 0.6868836879730225
flower_red (-160.8436737060547, 12.426132202148438, 27.748287200927734) (0.0, 0.3572216033935547, 0.0, 0.7071067690849304) 0.8961838483810425
flower_red (-170.7786865234375, 11.254755020141602, 11.809408187866211) (0.0, 0.6392707228660583, 0.0, 0.7071067690849304) 0.9415128827095032
flower_red (-167.58900451660156, 12.408763885498047, 27.270376205444336) (0.0, 0.696637749671936, 0.0, 0.7071067690849304) 1.2433192729949951
flower_red (-161.02749633789062, 11.316590309143066, 21.309375762939453) (0.0, 0.23766034841537476, 0.0, 0.7071067690849304) 0.9082441329956055
flower_red (-165.87310791015625, 13.77987289428711, 35.51852798461914) (0.0, 0.20342083275318146, 0.0, 0.7071067690849304) 0.8843964338302612
flower_red (-175.11474609375, 12.228200912475586, 20.11614990234375) (0.0, 0.07030405849218369, 0.0, 0.7071067690849304) 1.1209074258804321
flower_red (-175.0548553466797, 13.81325626373291, 33.78975296020508) (0.0, 0.009917658753693104, 0.0, 0.7071067690849304) 0.9692327976226807
flower_red (-178.06785583496094, 13.479192733764648, 27.71532440185547) (0.0, 0.11641422659158707, 0.0, 0.7071067690849304) 1.1380972862243652
flower_red (-167.3855743408203, 10.874807357788086, 11.831342697143555) (0.0, 0.6330996751785278, 0.0, 0.7071067690849304) 0.8817353844642639
flower_red (-182.0501708984375, 16.551088333129883, 44.45147705078125) (0.0, 0.03165877237915993, 0.0, 0.7071067690849304) 1.0423085689544678
flower_red (-180.54640197753906, 13.317959785461426, 19.431232452392578) (0.0, 0.07035648822784424, 0.0, 0.7071067690849304) 1.1937060356140137
flower_red (-132.69203186035156, 15.738266944885254, 56.789398193359375) (0.0, 0.36192095279693604, 0.0, 0.7071067690849304) 1.125196099281311
flower_red (-157.91171264648438, 11.680810928344727, 24.240673065185547) (0.0, 0.6285400986671448, 0.0, 0.7071067690849304) 1.2342147827148438
flower_red (-161.88043212890625, 10.52932357788086, 12.791454315185547) (0.0, 0.06493278592824936, 0.0, 0.7071067690849304) 0.7143000364303589
flower_red (-162.7423095703125, 11.839709281921387, 24.842857360839844) (0.0, 0.506271243095398, 0.0, 0.7071067690849304) 0.5996863842010498
flower_red (-132.2126922607422, 15.499507904052734, 52.98698043823242) (0.0, 0.08586231619119644, 0.0, 0.7071067690849304) 0.7822104692459106
flower_red (-162.86134338378906, 10.749345779418945, 15.080451965332031) (0.0, 0.3922867476940155, 0.0, 0.7071067690849304) 0.5166195034980774
flower_red (-190.7772979736328, 21.243099212646484, 63.93098831176758) (0.0, 0.5415894985198975, 0.0, 0.7071067690849304) 0.509878933429718
flower_red (-161.3736114501953, 15.662692070007324, 90.2100830078125) (0.0, 0.35735857486724854, 0.0, 0.7071067690849304) 1.1714744567871094
flower_red (-163.3677520751953, 15.954512596130371, 87.2455825805664) (0.0, 0.10061312466859818, 0.0, 0.7071067690849304) 0.9512326717376709
flower_red (-165.97467041015625, 12.393217086791992, 27.684329986572266) (0.0, 0.5695611834526062, 0.0, 0.7071067690849304) 0.9539278745651245
flower_red (-152.3736114501953, 13.073643684387207, 29.974578857421875) (0.0, 0.6677412986755371, 0.0, 0.7071067690849304) 0.6848691701889038
flower_red (-167.77896118164062, 10.915544509887695, 11.887847900390625) (0.0, 0.3335181176662445, 0.0, 0.7071067690849304) 1.1806578636169434
flower_red (-181.9644012451172, 15.145569801330566, 37.33676528930664) (0.0, 0.2576135993003845, 0.0, 0.7071067690849304) 1.0312446355819702
flower_red (-156.0872802734375, 14.839591979980469, 85.7737045288086) (0.0, 0.5198322534561157, 0.0, 0.7071067690849304) 1.1519654989242554
flower_red (-169.3093719482422, 12.700172424316406, 28.604148864746094) (0.0, 0.014741028659045696, 0.0, 0.7071067690849304) 0.8315811157226562
flower_red (-155.23641967773438, 11.139479637145996, 21.761417388916016) (0.0, 0.15969550609588623, 0.0, 0.7071067690849304) 0.7457033395767212
flower_red (-156.8673858642578, 10.547307968139648, 16.04747772216797) (0.0, 0.2560054361820221, 0.0, 0.7071067690849304) 0.822960615158081
flower_red (-160.85231018066406, 15.53137493133545, 84.7361068725586) (0.0, 0.2763611674308777, 0.0, 0.7071067690849304) 0.7279124855995178
flower_red (-144.85556030273438, 9.515948295593262, 1.5497803688049316) (0.0, 0.295316219329834, 0.0, 0.7071067690849304) 0.982524037361145
flower_red (-166.23956298828125, 13.40860366821289, 32.95022201538086) (0.0, 0.6947612762451172, 0.0, 0.7071067690849304) 0.7285680174827576
flower_red (-168.3700714111328, 16.94525718688965, 86.46094512939453) (0.0, 0.24484242498874664, 0.0, 0.7071067690849304) 0.676079273223877
flower_red (-153.97799682617188, 13.83528995513916, 33.71745300292969) (0.0, 0.03113800659775734, 0.0, 0.7071067690849304) 0.6742696762084961
flower_red (-169.17926025390625, 11.60223388671875, 20.319223403930664) (0.0, 0.21684351563453674, 0.0, 0.7071067690849304) 0.5192077159881592
flower_red (-163.05191040039062, 10.86821460723877, 16.413509368896484) (0.0, 0.5283570289611816, 0.0, 0.7071067690849304) 0.8486558794975281
flower_red (-175.64404296875, 12.296874046325684, 18.7685489654541) (0.0, 0.16470769047737122, 0.0, 0.7071067690849304) 0.6647382378578186
flower_red (-176.68426513671875, 13.857961654663086, 32.67055892944336) (0.0, 0.3556506037712097, 0.0, 0.7071067690849304) 1.195911169052124
flower_red (-180.41783142089844, 13.382174491882324, 21.892845153808594) (0.0, 0.6817606091499329, 0.0, 0.7071067690849304) 0.5685688853263855
flower_red (-187.90858459472656, 16.85988998413086, 41.582942962646484) (0.0, 0.022663118317723274, 0.0, 0.7071067690849304) 0.9303040504455566
flower_red (-175.04495239257812, 12.784165382385254, 25.849878311157227) (0.0, 0.42147329449653625, 0.0, 0.7071067690849304) 1.1408097743988037
flower_red (-172.5569305419922, 11.670860290527344, 14.761150360107422) (0.0, 0.14083318412303925, 0.0, 0.7071067690849304) 0.8152550458908081
flower_red (-186.1081085205078, 19.066682815551758, 54.78131866455078) (0.0, 0.6429826021194458, 0.0, 0.7071067690849304) 0.5625969171524048
flower_red (-168.79820251464844, 19.73778533935547, 120.8735122680664) (0.0, 0.37149420380592346, 0.0, 0.7071067690849304) 0.9057527780532837
flower_red (-160.99697875976562, 15.61442756652832, 90.98428344726562) (0.0, 0.6441769003868103, 0.0, 0.7071067690849304) 0.5747308731079102
flower_red (-163.6480712890625, 11.703959465026855, 23.5725040435791) (0.0, 0.5832504034042358, 0.0, 0.7071067690849304) 0.8600749969482422
flower_red (-171.8755340576172, 13.685991287231445, 34.72346115112305) (0.0, 0.4774685800075531, 0.0, 0.7071067690849304) 0.8657665848731995
flower_red (-132.07000732421875, 15.324746131896973, 50.46844482421875) (0.0, 0.0007343666511587799, 0.0, 0.7071067690849304) 0.5213577747344971
flower_red (-161.7327880859375, 11.20870590209961, 20.441532135009766) (0.0, 0.2395358830690384, 0.0, 0.7071067690849304) 0.6550819873809814
flower_red (-173.3658905029297, 11.9166898727417, 18.78106689453125) (0.0, 0.5564663410186768, 0.0, 0.7071067690849304) 0.5300745368003845
flower_red (-164.5167999267578, 18.700881958007812, 124.18138885498047) (0.0, 0.482555627822876, 0.0, 0.7071067690849304) 1.121883749961853
flower_red (-153.72616577148438, 10.566939353942871, 17.8372859954834) (0.0, 0.164149671792984, 0.0, 0.7071067690849304) 0.5986364483833313
flower_red (-160.46524047851562, 15.452397346496582, 88.36829376220703) (0.0, 0.17495468258857727, 0.0, 0.7071067690849304) 0.6697330474853516
flower_red (-157.85020446777344, 12.911396026611328, 29.732168197631836) (0.0, 0.0009629711857996881, 0.0, 0.7071067690849304) 1.0093705654144287
flower_red (-174.15785217285156, 14.920880317687988, 41.142879486083984) (0.0, 0.015651315450668335, 0.0, 0.7071067690849304) 0.9470393657684326
flower_red (-175.7254638671875, 12.363595962524414, 20.550071716308594) (0.0, 0.3999083340167999, 0.0, 0.7071067690849304) 0.6152839660644531
flower_red (-172.59628295898438, 13.199711799621582, 30.616044998168945) (0.0, 0.2607221007347107, 0.0, 0.7071067690849304) 0.7107200622558594
flower_red (-170.99618530273438, 13.387313842773438, 32.97364807128906) (0.0, 0.6088849902153015, 0.0, 0.7071067690849304) 0.705356240272522
flower_red (-175.13888549804688, 13.503602981567383, 31.164527893066406) (0.0, 0.28912830352783203, 0.0, 0.7071067690849304) 0.9562809467315674
flower_red (-163.75445556640625, 10.59293270111084, 12.091279029846191) (0.0, 0.507180392742157, 0.0, 0.7071067690849304) 1.1119887828826904
flower_red (-159.9535369873047, 12.575420379638672, 28.30594825744629) (0.0, 0.5653654932975769, 0.0, 0.7071067690849304) 1.2018156051635742
flower_red (-170.20237731933594, 14.234038352966309, 38.110015869140625) (0.0, 0.18925772607326508, 0.0, 0.7071067690849304) 0.8294515609741211
flower_red (-173.71475219726562, 11.892919540405273, 15.723884582519531) (0.0, 0.5113146901130676, 0.0, 0.7071067690849304) 0.9110791087150574
flower_red (-169.7791748046875, 11.334454536437988, 15.31982421875) (0.0, 0.5325824618339539, 0.0, 0.7071067690849304) 0.6897796988487244
flower_red (-164.4744873046875, 12.0237455368042, 25.79551887512207) (0.0, 0.6083269715309143, 0.0, 0.7071067690849304) 0.6648761034011841
flower_red (-156.9088134765625, 12.847376823425293, 29.430627822875977) (0.0, 0.22999703884124756, 0.0, 0.7071067690849304) 0.6668146848678589
flower_red (-157.90200805664062, 10.447568893432617, 14.117300033569336) (0.0, 0.22871223092079163, 0.0, 0.7071067690849304) 0.6703511476516724
flower_red (-168.52622985839844, 12.799225807189941, 29.611408233642578) (0.0, 0.3750222325325012, 0.0, 0.7071067690849304) 1.212663173675537
flower_red (-203.78834533691406, 24.831209182739258, 64.5588607788086) (0.0, 0.6549361348152161, 0.0, 0.7071067690849304) 1.2036412954330444
flower_red (-192.9772491455078, 21.866300582885742, 64.00215911865234) (0.0, 0.38017451763153076, 0.0, 0.7071067690849304) 0.9545490741729736
flower_red (-163.16514587402344, 11.029151916503906, 18.24152374267578) (0.0, 0.4003722071647644, 0.0, 0.7071067690849304) 1.2300763130187988
flower_red (-172.6017608642578, 14.403252601623535, 38.562713623046875) (0.0, 0.427152156829834, 0.0, 0.7071067690849304) 0.5748443603515625
flower_red (-160.9547119140625, 15.60721492767334, 90.97510528564453) (0.0, 0.10086946189403534, 0.0, 0.7071067690849304) 0.6036646962165833
flower_red (-154.3639373779297, 10.572656631469727, 17.592132568359375) (0.0, 0.03980027884244919, 0.0, 0.7071067690849304) 0.8794741034507751
flower_red (-159.09857177734375, 15.250651359558105, 86.80236053466797) (0.0, 0.10367070883512497, 0.0, 0.7071067690849304) 0.6696520447731018
flower_red (-157.50265502929688, 15.027195930480957, 77.5180435180664) (0.0, 0.19410595297813416, 0.0, 0.7071067690849304) 0.5924287438392639
flower_red (-199.49937438964844, 23.45037269592285, 61.90454864501953) (0.0, 0.3871403634548187, 0.0, 0.7071067690849304) 1.0060445070266724
flower_red (-170.54598999023438, 13.40626049041748, 33.1451301574707) (0.0, 0.31343650817871094, 0.0, 0.7071067690849304) 1.0598523616790771
flower_red (-159.58917236328125, 11.742838859558105, 24.389385223388672) (0.0, 0.26600393652915955, 0.0, 0.7071067690849304) 1.2101280689239502
flower_red (-167.92434692382812, 16.87516212463379, 87.19891357421875) (0.0, 0.05419047921895981, 0.0, 0.7071067690849304) 0.6339211463928223
flower_red (-133.1636962890625, 15.554339408874512, 51.305233001708984) (0.0, 0.12302740663290024, 0.0, 0.7071067690849304) 0.8631158471107483
flower_red (-165.0950927734375, 11.634052276611328, 22.706449508666992) (0.0, 0.4960300326347351, 0.0, 0.7071067690849304) 0.9699971675872803
flower_red (-177.88868713378906, 13.777673721313477, 30.502498626708984) (0.0, 0.5909460186958313, 0.0, 0.7071067690849304) 1.2392494678497314
flower_red (-160.4873504638672, 15.501363754272461, 77.75020599365234) (0.0, 0.07863961160182953, 0.0, 0.7071067690849304) 0.8097513914108276
flower_red (-136.8844451904297, 16.22627067565918, 54.0111083984375) (0.0, 0.020773084834218025, 0.0, 0.7071067690849304) 0.6695826053619385
flower_red (-208.631103515625, 25.780654907226562, 59.749542236328125) (0.0, 0.47587963938713074, 0.0, 0.7071067690849304) 0.5013564825057983
flower_red (-152.44705200195312, 13.34764575958252, 31.083345413208008) (0.0, 0.4912266433238983, 0.0, 0.7071067690849304) 0.7706284523010254
flower_red (-154.2490692138672, 10.760841369628906, 19.471050262451172) (0.0, 0.6716727614402771, 0.0, 0.7071067690849304) 1.2463710308074951
flower_red (-169.18582153320312, 19.765094757080078, 118.88694763183594) (0.0, 0.6890010833740234, 0.0, 0.7071067690849304) 0.5861389636993408
flower_red (-177.69747924804688, 12.724676132202148, 20.142793655395508) (0.0, 0.2824847102165222, 0.0, 0.7071067690849304) 0.997626543045044
flower_red (-161.1998748779297, 15.586687088012695, 85.58887481689453) (0.0, 0.5565517544746399, 0.0, 0.7071067690849304) 0.9459258317947388
flower_red (-157.52767944335938, 15.035780906677246, 85.4482650756836) (0.0, 0.46443262696266174, 0.0, 0.7071067690849304) 1.0797224044799805
flower_red (-174.6168212890625, 11.979290962219238, 14.957785606384277) (0.0, 0.683548092842102, 0.0, 0.7071067690849304) 1.1240036487579346
flower_red (-191.2384033203125, 20.637561798095703, 57.1141242980957) (0.0, 0.32851266860961914, 0.0, 0.7071067690849304) 0.6098636388778687
flower_red (-154.4063720703125, 13.87919807434082, 33.93012237548828) (0.0, 0.5071626901626587, 0.0, 0.7071067690849304) 0.8256276845932007
flower_red (-167.55914306640625, 11.42658519744873, 19.71322250366211) (0.0, 0.3709285855293274, 0.0, 0.7071067690849304) 1.0817054510116577
flower_red (-173.3834686279297, 15.229022979736328, 43.646514892578125) (0.0, 0.2384135127067566, 0.0, 0.7071067690849304) 0.9818257093429565
flower_red (-181.81544494628906, 15.191983222961426, 38.06334686279297) (0.0, 0.6447923183441162, 0.0, 0.7071067690849304) 0.7664751410484314
flower_red (-174.7945556640625, 12.867071151733398, 26.728212356567383) (0.0, 0.46082115173339844, 0.0, 0.7071067690849304) 0.8614791631698608
flower_red (-171.46783447265625, 14.417827606201172, 38.9912109375) (0.0, 0.5258238315582275, 0.0, 0.7071067690849304) 1.0636487007141113
flower_red (-183.84307861328125, 15.591082572937012, 38.57719802856445) (0.0, 0.41765114665031433, 0.0, 0.7071067690849304) 0.5086190104484558
flower_red (-179.07965087890625, 14.732376098632812, 37.761985778808594) (0.0, 0.22940410673618317, 0.0, 0.7071067690849304) 0.8297078609466553
flower_red (-182.15185546875, 13.974735260009766, 24.078548431396484) (0.0, 0.6928253769874573, 0.0, 0.7071067690849304) 0.6397267580032349
flower_red (-172.1273651123047, 15.374996185302734, 45.54575729370117) (0.0, 0.5489372611045837, 0.0, 0.7071067690849304) 0.9386566877365112
flower_red (-163.80416870117188, 10.77043342590332, 14.705240249633789) (0.0, 0.49328503012657166, 0.0, 0.7071067690849304) 0.7171056866645813
flower_red (-177.69091796875, 14.870808601379395, 39.0798454284668) (0.0, 0.45261526107788086, 0.0, 0.7071067690849304) 0.5240231156349182
flower_red (-190.01084899902344, 20.970863342285156, 63.256500244140625) (0.0, 0.5125463604927063, 0.0, 0.7071067690849304) 1.2408725023269653
flower_red (-167.51271057128906, 12.545467376708984, 28.333545684814453) (0.0, 0.3711406886577606, 0.0, 0.7071067690849304) 1.171863079071045
flower_red (-169.61575317382812, 11.10173511505127, 11.504114151000977) (0.0, 0.622692346572876, 0.0, 0.7071067690849304) 0.7284249067306519
flower_red (-169.26193237304688, 13.336878776550293, 32.67705535888672) (0.0, 0.5499007105827332, 0.0, 0.7071067690849304) 1.2492867708206177
flower_red (-159.235595703125, 10.3855562210083, 12.411236763000488) (0.0, 0.42242613434791565, 0.0, 0.7071067690849304) 0.6861748695373535
flower_red (-181.5924072265625, 16.167034149169922, 42.82528305053711) (0.0, 0.04672003537416458, 0.0, 0.7071067690849304) 1.2442998886108398
flower_red (-154.693603515625, 10.998968124389648, 21.087764739990234) (0.0, 0.4255676865577698, 0.0, 0.7071067690849304) 0.8962128758430481
flower_red (-168.5911407470703, 12.642491340637207, 28.559982299804688) (0.0, 0.026795195415616035, 0.0, 0.7071067690849304) 1.0746190547943115
flower_red (-165.69525146484375, 16.404386520385742, 89.06352233886719) (0.0, 0.12852150201797485, 0.0, 0.7071067690849304) 1.0734394788742065
flower_red (-170.1741180419922, 12.772005081176758, 28.679847717285156) (0.0, 0.09726911038160324, 0.0, 0.7071067690849304) 0.7517038583755493
flower_red (-168.36595153808594, 12.49013900756836, 27.502716064453125) (0.0, 0.2792387902736664, 0.0, 0.7071067690849304) 1.0734583139419556
flower_red (-180.63748168945312, 13.42143726348877, 21.50440216064453) (0.0, 0.021590817719697952, 0.0, 0.7071067690849304) 1.0920453071594238
flower_red (-154.09475708007812, 13.803342819213867, 33.583702087402344) (0.0, 0.3267435133457184, 0.0, 0.7071067690849304) 1.003239631652832
flower_red (-161.7338104248047, 12.094268798828125, 26.237667083740234) (0.0, 0.16498872637748718, 0.0, 0.7071067690849304) 0.9591736197471619
flower_red (-164.0769805908203, 18.498455047607422, 119.05687713623047) (0.0, 0.6282617449760437, 0.0, 0.7071067690849304) 1.002636432647705
flower_red (-154.44027709960938, 14.082270622253418, 34.831939697265625) (0.0, 0.4080338478088379, 0.0, 0.7071067690849304) 0.7187798023223877
flower_red (-182.1360626220703, 15.279409408569336, 38.397789001464844) (0.0, 0.006863529793918133, 0.0, 0.7071067690849304) 0.8074048757553101
flower_red (-133.88580322265625, 15.831039428710938, 55.04578399658203) (0.0, 0.17393094301223755, 0.0, 0.7071067690849304) 0.865312933921814
flower_red (-160.5895233154297, 15.5012788772583, 83.64218139648438) (0.0, 0.619091272354126, 0.0, 0.7071067690849304) 0.9335734844207764
flower_red (-165.1458740234375, 10.756614685058594, 13.141036033630371) (0.0, 0.3907144367694855, 0.0, 0.7071067690849304) 0.5418038368225098
flower_red (-198.64279174804688, 23.509241104125977, 65.25713348388672) (0.0, 0.17315982282161713, 0.0, 0.7071067690849304) 0.5461032390594482
flower_red (-134.10556030273438, 15.801155090332031, 63.791812896728516) (0.0, 0.5648402571678162, 0.0, 0.7071067690849304) 1.1826939582824707
flower_red (-160.1940460205078, 15.445585250854492, 82.12447357177734) (0.0, 0.2045414298772812, 0.0, 0.7071067690849304) 0.8865901231765747
flower_red (-174.57789611816406, 15.000389099121094, 41.4195671081543) (0.0, 0.36989760398864746, 0.0, 0.7071067690849304) 0.6859381198883057
flower_red (-171.7690887451172, 14.777770042419434, 41.17631912231445) (0.0, 0.08886275440454483, 0.0, 0.7071067690849304) 0.8667818307876587
flower_red (-133.80419921875, 15.901774406433105, 56.47301483154297) (0.0, 0.5907465815544128, 0.0, 0.7071067690849304) 1.1942720413208008
flower_red (-178.88796997070312, 13.370919227600098, 25.16990852355957) (0.0, 0.5040715932846069, 0.0, 0.7071067690849304) 1.091156244277954
flower_red (-164.3761444091797, 16.184886932373047, 81.65955352783203) (0.0, 0.4166766405105591, 0.0, 0.7071067690849304) 0.5549604296684265
flower_red (-171.7939453125, 15.38671875, 45.78548812866211) (0.0, 0.5289741158485413, 0.0, 0.7071067690849304) 0.5391011238098145
flower_red (-154.0392608642578, 14.000917434692383, 34.490108489990234) (0.0, 0.15738290548324585, 0.0, 0.7071067690849304) 0.8027102947235107
flower_red (-169.580810546875, 12.521943092346191, 27.195871353149414) (0.0, 0.06896556168794632, 0.0, 0.7071067690849304) 1.1705763339996338
flower_red (-164.39306640625, 16.126188278198242, 86.37517547607422) (0.0, 0.6270049810409546, 0.0, 0.7071067690849304) 1.1154178380966187
flower_red (-153.47874450683594, 10.57844066619873, 18.051565170288086) (0.0, 0.6508653163909912, 0.0, 0.7071067690849304) 0.7644023299217224
flower_red (-153.13458251953125, 12.705362319946289, 28.451501846313477) (0.0, 0.3465678095817566, 0.0, 0.7071067690849304) 0.7628312706947327
flower_red (-175.20362854003906, 15.673669815063477, 45.67897415161133) (0.0, 0.5441615581512451, 0.0, 0.7071067690849304) 1.021148443222046
flower_red (-168.4794464111328, 16.971019744873047, 86.67367553710938) (0.0, 0.3234861493110657, 0.0, 0.7071067690849304) 1.1355466842651367
flower_red (-179.2857666015625, 14.121121406555176, 31.52429962158203) (0.0, 0.6566716432571411, 0.0, 0.7071067690849304) 1.2126984596252441
flower_red (-135.5054931640625, 16.117416381835938, 60.943603515625) (0.0, 0.4386110305786133, 0.0, 0.7071067690849304) 0.8874073028564453
flower_red (-164.8709716796875, 16.28947639465332, 81.1980972290039) (0.0, 0.008088317699730396, 0.0, 0.7071067690849304) 1.1119996309280396
flower_red (-138.2777099609375, 9.477673530578613, 0.1532435417175293) (0.0, 0.42228639125823975, 0.0, 0.7071067690849304) 1.1880125999450684
flower_red (-161.73887634277344, 12.854376792907715, 29.880046844482422) (0.0, 0.502119243144989, 0.0, 0.7071067690849304) 0.7033883333206177
flower_red (-167.53787231445312, 11.069028854370117, 14.888345718383789) (0.0, 0.10556681454181671, 0.0, 0.7071067690849304) 0.752861499786377
flower_red (-140.06167602539062, 16.298742294311523, 49.621463775634766) (0.0, 0.5082316994667053, 0.0, 0.7071067690849304) 0.7391786575317383
flower_red (-166.8851318359375, 16.671281814575195, 87.59564208984375) (0.0, 0.25267407298088074, 0.0, 0.7071067690849304) 1.0973379611968994
flower_red (-171.61607360839844, 14.379565238952637, 38.69813537597656) (0.0, 0.3161253035068512, 0.0, 0.7071067690849304) 0.5437699556350708
flower_red (-164.82305908203125, 11.14427375793457, 18.477380752563477) (0.0, 0.5420507788658142, 0.0, 0.7071067690849304) 0.8677957057952881
flower_red (-144.38194274902344, 9.476178169250488, 0.6186366081237793) (0.0, 0.6929081082344055, 0.0, 0.7071067690849304) 1.0267317295074463
flower_red (-139.12094116210938, 16.24723243713379, 49.939693450927734) (0.0, 0.34241920709609985, 0.0, 0.7071067690849304) 0.6782662868499756
flower_red (-168.7423553466797, 12.565897941589355, 27.92322540283203) (0.0, 0.31460800766944885, 0.0, 0.7071067690849304) 1.1474034786224365
flower_red (-164.1887969970703, 12.722203254699707, 29.30426597595215) (0.0, 0.29947274923324585, 0.0, 0.7071067690849304) 1.1165075302124023
flower_red (-170.6749725341797, 12.59069538116455, 27.18466567993164) (0.0, 0.6696808934211731, 0.0, 0.7071067690849304) 0.7196530699729919
flower_red (-164.59381103515625, 12.680413246154785, 29.111623764038086) (0.0, 0.6894247531890869, 0.0, 0.7071067690849304) 0.8307944536209106
flower_red (-165.93724060058594, 19.059036254882812, 122.69002532958984) (0.0, 0.26940736174583435, 0.0, 0.7071067690849304) 0.6701698899269104
flower_red (-143.96470642089844, 9.485889434814453, 0.8965134620666504) (0.0, 0.4945610463619232, 0.0, 0.7071067690849304) 1.0716547966003418
flower_red (-136.65611267089844, 9.532456398010254, 1.3340115547180176) (0.0, 0.2187674343585968, 0.0, 0.7071067690849304) 0.5347315669059753
flower_red (-190.31846618652344, 19.7347354888916, 52.576480865478516) (0.0, 0.3516939580440521, 0.0, 0.7071067690849304) 1.1015081405639648
flower_red (-157.72616577148438, 12.743095397949219, 28.91850471496582) (0.0, 0.5900583267211914, 0.0, 0.7071067690849304) 0.7865316271781921
flower_red (-134.33551025390625, 15.76481819152832, 51.71090316772461) (0.0, 0.13793879747390747, 0.0, 0.7071067690849304) 0.631005048751831
flower_red (-180.57591247558594, 14.817525863647461, 36.395729064941406) (0.0, 0.028084468096494675, 0.0, 0.7071067690849304) 1.1177314519882202
flower_red (-162.5489044189453, 11.544904708862305, 22.6287841796875) (0.0, 0.2309795618057251, 0.0, 0.7071067690849304) 0.5593959093093872
flower_red (-178.91949462890625, 15.928805351257324, 43.755531311035156) (0.0, 0.25020095705986023, 0.0, 0.7071067690849304) 0.7642074823379517
flower_red (-167.51324462890625, 19.408227920532227, 121.10477447509766) (0.0, 0.2189638316631317, 0.0, 0.7071067690849304) 0.6286759376525879
flower_red (-184.36831665039062, 14.388691902160645, 21.916866302490234) (0.0, 0.6803849339485168, 0.0, 0.7071067690849304) 0.6852751970291138
flower_red (-166.0923309326172, 11.859783172607422, 23.965538024902344) (0.0, 0.45906388759613037, 0.0, 0.7071067690849304) 1.0655038356781006
flower_red (-172.7093505859375, 12.675490379333496, 26.67015838623047) (0.0, 0.6851540803909302, 0.0, 0.7071067690849304) 0.7059316039085388
flower_red (-179.38226318359375, 13.048038482666016, 19.083738327026367) (0.0, 0.1141025573015213, 0.0, 0.7071067690849304) 0.9776567220687866
flower_red (-139.14418029785156, 9.51826286315918, 1.609504222869873) (0.0, 0.006870189215987921, 0.0, 0.7071067690849304) 1.0383559465408325
flower_red (-158.76466369628906, 12.82483196258545, 29.382823944091797) (0.0, 0.09393984824419022, 0.0, 0.7071067690849304) 1.0756802558898926
flower_red (-175.43692016601562, 12.188685417175293, 16.125320434570312) (0.0, 0.15402734279632568, 0.0, 0.7071067690849304) 0.8696343302726746
flower_red (-165.64500427246094, 10.808445930480957, 13.31442642211914) (0.0, 0.0037800665013492107, 0.0, 0.7071067690849304) 1.162968635559082
flower_red (-173.47311401367188, 13.391457557678223, 31.61334991455078) (0.0, 0.0706033855676651, 0.0, 0.7071067690849304) 0.733227550983429
flower_red (-166.73606872558594, 11.622698783874512, 21.90423011779785) (0.0, 0.5109361410140991, 0.0, 0.7071067690849304) 1.0122268199920654
flower_red (-206.3093719482422, 25.614980697631836, 65.36847686767578) (0.0, 0.5402558445930481, 0.0, 0.7071067690849304) 0.8943494558334351
flower_red (-164.02822875976562, 11.846430778503418, 24.601577758789062) (0.0, 0.36964303255081177, 0.0, 0.7071067690849304) 1.045905351638794
flower_red (-140.42251586914062, 16.30803871154785, 50.61453628540039) (0.0, 0.432477742433548, 0.0, 0.7071067690849304) 0.6202657222747803
flower_red (-186.10531616210938, 17.52557945251465, 45.525550842285156) (0.0, 0.03912230581045151, 0.0, 0.7071067690849304) 0.7772237062454224
flower_red (-163.13087463378906, 11.816658973693848, 24.635791778564453) (0.0, 0.10360454022884369, 0.0, 0.7071067690849304) 0.8762487173080444
flower_red (-169.1405792236328, 19.81143569946289, 120.19449615478516) (0.0, 0.5046895146369934, 0.0, 0.7071067690849304) 1.0655263662338257
flower_red (-159.78807067871094, 15.36914348602295, 85.28942108154297) (0.0, 0.0375933013856411, 0.0, 0.7071067690849304) 0.5590711832046509
flower_red (-171.409912109375, 11.771084785461426, 20.17938995361328) (0.0, 0.21820561587810516, 0.0, 0.7071067690849304) 0.6414598822593689
flower_red (-164.2557373046875, 10.913990020751953, 16.159893035888672) (0.0, 0.04865533113479614, 0.0, 0.7071067690849304) 0.9670134782791138
flower_red (-172.9581298828125, 12.96539306640625, 28.621971130371094) (0.0, 0.2488829493522644, 0.0, 0.7071067690849304) 0.5663938522338867
flower_red (-161.37451171875, 10.551932334899902, 13.447463989257812) (0.0, 0.1737450659275055, 0.0, 0.7071067690849304) 1.076860785484314
flower_red (-172.01126098632812, 11.504437446594238, 13.332009315490723) (0.0, 0.35761237144470215, 0.0, 0.7071067690849304) 0.8685585856437683
flower_red (-157.2983856201172, 10.375274658203125, 13.39668083190918) (0.0, 0.052950434386730194, 0.0, 0.7071067690849304) 1.1414579153060913
flower_red (-130.24598693847656, 15.26068115234375, 54.27491760253906) (0.0, 0.012739895842969418, 0.0, 0.7071067690849304) 0.609947919845581
flower_red (-167.77169799804688, 11.102326393127441, 15.07580280303955) (0.0, 0.4250427782535553, 0.0, 0.7071067690849304) 0.9883092045783997
flower_red (-186.82640075683594, 18.036808013916016, 47.33252716064453) (0.0, 0.5413769483566284, 0.0, 0.7071067690849304) 1.1474777460098267
flower_red (-181.78909301757812, 13.700374603271484, 21.504819869995117) (0.0, 0.03391961380839348, 0.0, 0.7071067690849304) 0.7311421632766724
flower_red (-163.6496124267578, 10.973299026489258, 17.299711227416992) (0.0, 0.08264187723398209, 0.0, 0.7071067690849304) 1.0167995691299438
flower_red (-172.6193389892578, 13.503740310668945, 33.124088287353516) (0.0, 0.6976223587989807, 0.0, 0.7071067690849304) 1.102899432182312
flower_red (-156.62562561035156, 11.511859893798828, 23.542999267578125) (0.0, 0.393134742975235, 0.0, 0.7071067690849304) 0.7910354137420654
flower_red (-138.39340209960938, 9.492528915405273, 0.6685256958007812) (0.0, 0.10505228489637375, 0.0, 0.7071067690849304) 0.794800877571106
flower_red (-140.19203186035156, 16.256568908691406, 51.19663619995117) (0.0, 0.6338271498680115, 0.0, 0.7071067690849304) 0.9056968688964844
flower_red (-163.00057983398438, 15.916034698486328, 89.29109191894531) (0.0, 0.6242172122001648, 0.0, 0.7071067690849304) 0.9906586408615112
flower_red (-163.22232055664062, 12.240899085998535, 27.082263946533203) (0.0, 0.006772239692509174, 0.0, 0.7071067690849304) 1.133461833000183
flower_red (-161.64898681640625, 15.706591606140137, 79.83351135253906) (0.0, 0.2750253677368164, 0.0, 0.7071067690849304) 0.6335487961769104
flower_red (-134.0203857421875, 15.510307312011719, 49.44282913208008) (0.0, 0.05655112490057945, 0.0, 0.7071067690849304) 0.8718771934509277
flower_red (-194.65988159179688, 22.185935974121094, 62.68882751464844) (0.0, 0.44090887904167175, 0.0, 0.7071067690849304) 1.0810301303863525
flower_red (-157.9673309326172, 10.461979866027832, 14.29241943359375) (0.0, 0.34481871128082275, 0.0, 0.7071067690849304) 0.6888280510902405
flower_red (-156.69578552246094, 11.000737190246582, 20.59882926940918) (0.0, 0.48046791553497314, 0.0, 0.7071067690849304) 0.5758019089698792
flower_red (-161.2006378173828, 13.273693084716797, 31.927467346191406) (0.0, 0.26353564858436584, 0.0, 0.7071067690849304) 0.6329333186149597
flower_red (-168.68507385253906, 12.449217796325684, 27.043701171875) (0.0, 0.7018303275108337, 0.0, 0.7071067690849304) 0.7033584117889404
flower_red (-170.66758728027344, 13.20248031616211, 31.721115112304688) (0.0, 0.07915793359279633, 0.0, 0.7071067690849304) 0.7582021355628967
flower_red (-177.66481018066406, 15.40254020690918, 41.772544860839844) (0.0, 0.4474727511405945, 0.0, 0.7071067690849304) 1.2307538986206055
flower_red (-172.18875122070312, 12.505230903625488, 25.77775764465332) (0.0, 0.6803146004676819, 0.0, 0.7071067690849304) 0.9481726884841919
flower_red (-167.90771484375, 11.884251594543457, 23.463428497314453) (0.0, 0.15496410429477692, 0.0, 0.7071067690849304) 0.5917361974716187
flower_red (-171.16940307617188, 13.679570198059082, 34.87473678588867) (0.0, 0.3659384846687317, 0.0, 0.7071067690849304) 1.1617324352264404
flower_red (-159.0215606689453, 11.346850395202637, 22.258222579956055) (0.0, 0.2840958833694458, 0.0, 0.7071067690849304) 1.2126737833023071
flower_red (-134.7613983154297, 15.893538475036621, 52.821815490722656) (0.0, 0.3771165907382965, 0.0, 0.7071067690849304) 1.0906051397323608
flower_red (-155.61151123046875, 14.772112846374512, 86.16441345214844) (0.0, 0.4944276213645935, 0.0, 0.7071067690849304) 0.7078877687454224
flower_red (-132.47865295410156, 15.470922470092773, 51.75465393066406) (0.0, 0.548006534576416, 0.0, 0.7071067690849304) 1.0200856924057007
flower_red (-176.94342041015625, 12.49435043334961, 17.06045913696289) (0.0, 0.35960710048675537, 0.0, 0.7071067690849304) 0.7051022052764893
flower_red (-156.98814392089844, 14.960131645202637, 84.2429428100586) (0.0, 0.6977347135543823, 0.0, 0.7071067690849304) 0.829084038734436
flower_red (-162.8111572265625, 10.894159317016602, 16.92652702331543) (0.0, 0.4922007620334625, 0.0, 0.7071067690849304) 0.9766696691513062
flower_red (-166.84954833984375, 13.68514347076416, 34.898460388183594) (0.0, 0.329384446144104, 0.0, 0.7071067690849304) 0.8720099925994873
flower_red (-163.98858642578125, 18.612266540527344, 126.65337371826172) (0.0, 0.4899131953716278, 0.0, 0.7071067690849304) 0.7857494950294495
flower_red (-154.71548461914062, 10.651664733886719, 18.38654327392578) (0.0, 0.07075241953134537, 0.0, 0.7071067690849304) 1.123065710067749
flower_red (-189.3319549560547, 19.07533073425293, 50.146697998046875) (0.0, 0.5911927223205566, 0.0, 0.7071067690849304) 0.902509331703186
flower_red (-177.767578125, 16.161376953125, 46.529232025146484) (0.0, 0.572351336479187, 0.0, 0.7071067690849304) 1.2030819654464722
flower_red (-179.3217010498047, 13.419568061828613, 24.901569366455078) (0.0, 0.2750440835952759, 0.0, 0.7071067690849304) 1.1170403957366943
flower_red (-141.51019287109375, 9.508115768432617, 1.4697909355163574) (0.0, 0.1821606159210205, 0.0, 0.7071067690849304) 1.0885801315307617
flower_red (-136.52194213867188, 15.824769020080566, 48.63303756713867) (0.0, 0.1912873536348343, 0.0, 0.7071067690849304) 0.7522680759429932
flower_red (-173.44927978515625, 13.870986938476562, 35.325347900390625) (0.0, 0.18772239983081818, 0.0, 0.7071067690849304) 0.8044835329055786
flower_red (-179.17788696289062, 14.687729835510254, 37.09131622314453) (0.0, 0.6162300705909729, 0.0, 0.7071067690849304) 1.1050249338150024
flower_red (-174.65591430664062, 13.449858665466309, 31.11773681640625) (0.0, 0.2540231943130493, 0.0, 0.7071067690849304) 0.7034457325935364
flower_red (-162.08445739746094, 15.737651824951172, 88.79447174072266) (0.0, 0.7015154957771301, 0.0, 0.7071067690849304) 0.943221926689148
flower_red (-160.18968200683594, 10.603127479553223, 14.94753360748291) (0.0, 0.29863375425338745, 0.0, 0.7071067690849304) 0.8210506439208984
flower_red (-170.97425842285156, 13.370988845825195, 32.87249755859375) (0.0, 0.4465087652206421, 0.0, 0.7071067690849304) 0.971031904220581
flower_red (-132.82119750976562, 15.50069808959961, 51.35321807861328) (0.0, 0.6364278793334961, 0.0, 0.7071067690849304) 1.1738178730010986
flower_red (-172.6374053955078, 11.929933547973633, 20.58440399169922) (0.0, 0.2445499151945114, 0.0, 0.7071067690849304) 0.9132517576217651
flower_red (-133.14479064941406, 15.692401885986328, 54.23152542114258) (0.0, 0.19929398596286774, 0.0, 0.7071067690849304) 1.0170985460281372
flower_red (-172.79547119140625, 12.640119552612305, 26.375234603881836) (0.0, 0.1641172170639038, 0.0, 0.7071067690849304) 1.0485023260116577
flower_red (-154.25782775878906, 13.423713684082031, 31.682432174682617) (0.0, 0.5357062220573425, 0.0, 0.7071067690849304) 0.7680376768112183
flower_red (-157.85377502441406, 10.4005126953125, 13.451337814331055) (0.0, 0.5939590930938721, 0.0, 0.7071067690849304) 0.9830186367034912
flower_red (-165.28289794921875, 12.499231338500977, 28.276561737060547) (0.0, 0.6517350673675537, 0.0, 0.7071067690849304) 0.916558027267456
flower_red (-169.79568481445312, 11.446991920471191, 17.944156646728516) (0.0, 0.4420616924762726, 0.0, 0.7071067690849304) 1.097919225692749
flower_red (-172.0250244140625, 14.798856735229492, 41.228355407714844) (0.0, 0.22050277888774872, 0.0, 0.7071067690849304) 0.5271915197372437
flower_red (-181.31231689453125, 13.555878639221191, 20.50328254699707) (0.0, 0.45205816626548767, 0.0, 0.7071067690849304) 0.5603476762771606
flower_red (-205.73460388183594, 25.30416488647461, 63.76975631713867) (0.0, 0.012145119719207287, 0.0, 0.7071067690849304) 0.9288570880889893
flower_red (-172.894775390625, 11.647905349731445, 13.755739212036133) (0.0, 0.1575337052345276, 0.0, 0.7071067690849304) 1.1302971839904785
flower_red (-168.54470825195312, 11.56651496887207, 20.39849853515625) (0.0, 0.048051200807094574, 0.0, 0.7071067690849304) 1.005135178565979
flower_red (-168.240966796875, 11.003265380859375, 12.574254989624023) (0.0, 0.08840116113424301, 0.0, 0.7071067690849304) 0.515766978263855
flower_red (-167.05096435546875, 13.626885414123535, 34.457801818847656) (0.0, 0.38175880908966064, 0.0, 0.7071067690849304) 0.6186943054199219
flower_red (-169.37220764160156, 14.19937515258789, 38.11675262451172) (0.0, 0.1755722165107727, 0.0, 0.7071067690849304) 1.210150957107544
flower_red (-164.65872192382812, 18.756248474121094, 122.0489730834961) (0.0, 0.6625319123268127, 0.0, 0.7071067690849304) 0.8784927725791931
flower_red (-160.90798950195312, 11.971593856811523, 25.545001983642578) (0.0, 0.6288498640060425, 0.0, 0.7071067690849304) 1.173121452331543
flower_red (-175.26405334472656, 13.06688117980957, 27.856945037841797) (0.0, 0.6487634778022766, 0.0, 0.7071067690849304) 1.1371419429779053
flower_red (-131.45465087890625, 15.412309646606445, 53.71117401123047) (0.0, 0.3107261061668396, 0.0, 0.7071067690849304) 1.2054264545440674
flower_red (-154.4960174560547, 13.845132827758789, 33.77449417114258) (0.0, 0.022711418569087982, 0.0, 0.7071067690849304) 0.7169601321220398
flower_red (-177.9092559814453, 14.17611026763916, 34.195899963378906) (0.0, 0.6272210478782654, 0.0, 0.7071067690849304) 0.7713832259178162
flower_red (-164.87991333007812, 12.212894439697266, 26.82095718383789) (0.0, 0.15803727507591248, 0.0, 0.7071067690849304) 0.6232945322990417
flower_red (-167.58596801757812, 11.020013809204102, 13.945520401000977) (0.0, 0.15140369534492493, 0.0, 0.7071067690849304) 0.6444346904754639
flower_red (-158.5167694091797, 10.620861053466797, 16.10988426208496) (0.0, 0.6966975927352905, 0.0, 0.7071067690849304) 0.6515268087387085
flower_red (-185.2255401611328, 18.628992080688477, 53.12031555175781) (0.0, 0.4049956500530243, 0.0, 0.7071067690849304) 0.8464145660400391
flower_red (-179.8549346923828, 16.48370933532715, 46.189369201660156) (0.0, 0.5581154823303223, 0.0, 0.7071067690849304) 0.7806150317192078
flower_red (-167.66452026367188, 13.951417922973633, 36.721824645996094) (0.0, 0.10259950160980225, 0.0, 0.7071067690849304) 0.5629210472106934
flower_red (-171.1137237548828, 11.404077529907227, 13.581335067749023) (0.0, 0.44629278779029846, 0.0, 0.7071067690849304) 1.0475859642028809
flower_red (-160.40248107910156, 11.396347999572754, 22.292078018188477) (0.0, 0.38030028343200684, 0.0, 0.7071067690849304) 0.9826804995536804
flower_red (-164.6442413330078, 18.752254486083984, 121.81460571289062) (0.0, 0.43987029790878296, 0.0, 0.7071067690849304) 0.9868341684341431
flower_red (-171.93275451660156, 14.736806869506836, 40.869056701660156) (0.0, 0.04454778507351875, 0.0, 0.7071067690849304) 0.7203329801559448
flower_red (-174.7490692138672, 12.178910255432129, 20.30467987060547) (0.0, 0.6141247749328613, 0.0, 0.7071067690849304) 1.0706205368041992
flower_red (-174.6116943359375, 14.961092948913574, 41.12672805786133) (0.0, 0.0062280395068228245, 0.0, 0.7071067690849304) 1.1293964385986328
flower_red (-170.23843383789062, 11.15177059173584, 11.11900806427002) (0.0, 0.41900625824928284, 0.0, 0.7071067690849304) 0.934363603591919
flower_red (-157.71585083007812, 12.382094383239746, 27.34661102294922) (0.0, 0.5115283131599426, 0.0, 0.7071067690849304) 0.6822949647903442
flower_red (-176.5648193359375, 13.323410034179688, 28.59461212158203) (0.0, 0.47393086552619934, 0.0, 0.7071067690849304) 0.8812309503555298
flower_red (-164.25657653808594, 10.693499565124512, 13.153373718261719) (0.0, 0.10028167814016342, 0.0, 0.7071067690849304) 0.6622650623321533
flower_red (-154.3885498046875, 13.599809646606445, 32.562435150146484) (0.0, 0.3182694911956787, 0.0, 0.7071067690849304) 0.5651621222496033
flower_red (-183.83688354492188, 16.860382080078125, 44.32207489013672) (0.0, 0.4016311466693878, 0.0, 0.7071067690849304) 0.7418057918548584
flower_red (-169.4520721435547, 19.951765060424805, 122.55424499511719) (0.0, 0.5838578939437866, 0.0, 0.7071067690849304) 1.2053978443145752
flower_red (-159.31683349609375, 10.51257038116455, 14.236211776733398) (0.0, 0.6688506007194519, 0.0, 0.7071067690849304) 0.8856714963912964
flower_red (-162.46705627441406, 15.795047760009766, 86.93582153320312) (0.0, 0.3922027051448822, 0.0, 0.7071067690849304) 0.95237797498703
flower_red (-192.1190643310547, 20.112810134887695, 52.530826568603516) (0.0, 0.34344133734703064, 0.0, 0.7071067690849304) 0.5414998531341553
flower_red (-136.0750732421875, 16.218107223510742, 59.28546142578125) (0.0, 0.29622557759284973, 0.0, 0.7071067690849304) 0.5552997589111328
flower_red (-167.5640869140625, 11.202991485595703, 17.120420455932617) (0.0, 0.08156081289052963, 0.0, 0.7071067690849304) 1.025958776473999
flower_red (-163.85763549804688, 10.786701202392578, 14.870524406433105) (0.0, 0.6122329235076904, 0.0, 0.7071067690849304) 0.6768163442611694
flower_red (-132.30902099609375, 15.666596412658691, 56.59061813354492) (0.0, 0.5876558423042297, 0.0, 0.7071067690849304) 0.6457242369651794
flower_red (-169.25079345703125, 14.256747245788574, 38.50519561767578) (0.0, 0.4089217782020569, 0.0, 0.7071067690849304) 0.6206838488578796
flower_red (-167.17422485351562, 13.866092681884766, 36.16523742675781) (0.0, 0.3207269012928009, 0.0, 0.7071067690849304) 0.7903316020965576
flower_red (-137.14730834960938, 16.01694107055664, 49.72439956665039) (0.0, 0.02940804697573185, 0.0, 0.7071067690849304) 0.832511305809021
flower_red (-142.16529846191406, 9.471400260925293, 0.5227923393249512) (0.0, 0.13810156285762787, 0.0, 0.7071067690849304) 1.0882980823516846
flower_red (-167.65516662597656, 12.219074249267578, 25.78848648071289) (0.0, 0.03407859057188034, 0.0, 0.7071067690849304) 1.0044901371002197
flower_red (-180.76205444335938, 14.641763687133789, 34.521820068359375) (0.0, 0.42974773049354553, 0.0, 0.7071067690849304) 0.9970285296440125
flower_red (-157.45425415039062, 12.277566909790039, 26.892780303955078) (0.0, 0.22387301921844482, 0.0, 0.7071067690849304) 0.9586310386657715
flower_red (-178.62075805664062, 14.262436866760254, 34.17068862915039) (0.0, 0.41922634840011597, 0.0, 0.7071067690849304) 1.1966091394424438
flower_red (-133.42481994628906, 15.409280776977539, 49.32427215576172) (0.0, 0.4812338054180145, 0.0, 0.7071067690849304) 0.8313735127449036
flower_red (-176.7197265625, 13.955567359924316, 33.514976501464844) (0.0, 0.35444241762161255, 0.0, 0.7071067690849304) 0.8387854099273682
flower_red (-168.6446075439453, 11.23703670501709, 15.997589111328125) (0.0, 0.3387966752052307, 0.0, 0.7071067690849304) 0.8281503915786743
flower_red (-157.9789581298828, 10.607809066772461, 16.224802017211914) (0.0, 0.2868192493915558, 0.0, 0.7071067690849304) 0.7569654583930969
flower_red (-176.05740356445312, 14.253105163574219, 36.742210388183594) (0.0, 0.4833028018474579, 0.0, 0.7071067690849304) 0.6126365661621094
flower_red (-180.05728149414062, 14.947619438171387, 38.38861083984375) (0.0, 0.443708598613739, 0.0, 0.7071067690849304) 1.0655361413955688
flower_red (-163.06101989746094, 10.506024360656738, 11.4058256149292) (0.0, 0.02824411913752556, 0.0, 0.7071067690849304) 0.6716902256011963
flower_red (-166.66627502441406, 12.156262397766113, 25.757492065429688) (0.0, 0.3809874355792999, 0.0, 0.7071067690849304) 0.8671048283576965
flower_red (-142.5420684814453, 9.51700210571289, 1.6989707946777344) (0.0, 0.29549670219421387, 0.0, 0.7071067690849304) 0.5557768940925598
flower_red (-135.82826232910156, 16.171314239501953, 60.44948196411133) (0.0, 0.44985201954841614, 0.0, 0.7071067690849304) 1.2353203296661377
flower_red (-154.0960693359375, 10.619475364685059, 18.268882751464844) (0.0, 0.6463556289672852, 0.0, 0.7071067690849304) 1.082300066947937
flower_red (-152.04119873046875, 13.413981437683105, 31.484783172607422) (0.0, 0.5741037726402283, 0.0, 0.7071067690849304) 0.64056795835495
flower_red (-183.59584045410156, 17.472455978393555, 47.72639465332031) (0.0, 0.14379999041557312, 0.0, 0.7071067690849304) 1.1581741571426392
flower_red (-184.95654296875, 15.768946647644043, 36.48126220703125) (0.0, 0.23099304735660553, 0.0, 0.7071067690849304) 1.2155373096466064
flower_red (-174.58140563964844, 12.114126205444336, 18.151044845581055) (0.0, 0.30232658982276917, 0.0, 0.7071067690849304) 1.1680727005004883
flower_red (-170.33433532714844, 12.98499870300293, 30.2225341796875) (0.0, 0.4334368407726288, 0.0, 0.7071067690849304) 0.5846481919288635
flower_red (-180.15545654296875, 13.295026779174805, 21.28797721862793) (0.0, 0.29552796483039856, 0.0, 0.7071067690849304) 0.8507039546966553
flower_red (-168.35427856445312, 16.951446533203125, 87.50849914550781) (0.0, 0.13878510892391205, 0.0, 0.7071067690849304) 0.9571802020072937
flower_red (-186.7769317626953, 18.362638473510742, 49.19207000732422) (0.0, 0.2641962468624115, 0.0, 0.7071067690849304) 0.6400283575057983
flower_red (-157.14866638183594, 14.985414505004883, 83.37605285644531) (0.0, 0.35407212376594543, 0.0, 0.7071067690849304) 1.127140760421753
flower_red (-160.93325805664062, 10.520000457763672, 13.311445236206055) (0.0, 0.20970138907432556, 0.0, 0.7071067690849304) 0.5383687019348145
flower_red (-161.2709197998047, 11.110240936279297, 19.8084716796875) (0.0, 0.23855730891227722, 0.0, 0.7071067690849304) 1.2300162315368652
flower_red (-178.47865295410156, 13.878438949584961, 30.548751831054688) (0.0, 0.43301740288734436, 0.0, 0.7071067690849304) 0.972335696220398
flower_red (-168.08396911621094, 11.54581069946289, 20.497501373291016) (0.0, 0.08901228755712509, 0.0, 0.7071067690849304) 1.0201945304870605
flower_red (-161.43089294433594, 12.702333450317383, 29.085933685302734) (0.0, 0.33864808082580566, 0.0, 0.7071067690849304) 0.7581688761711121
flower_red (-132.344482421875, 15.478508949279785, 52.10054016113281) (0.0, 0.09260817617177963, 0.0, 0.7071067690849304) 1.188038945198059
flower_red (-132.7845458984375, 15.358251571655273, 49.68482208251953) (0.0, 0.05153404548764229, 0.0, 0.7071067690849304) 0.6506215333938599
flower_red (-155.79563903808594, 10.459991455078125, 15.39623737335205) (0.0, 0.6282778978347778, 0.0, 0.7071067690849304) 0.531187891960144
flower_red (-156.3011932373047, 11.397809982299805, 22.98712730407715) (0.0, 0.22070693969726562, 0.0, 0.7071067690849304) 1.2432377338409424
flower_red (-166.7742156982422, 13.912521362304688, 36.35483932495117) (0.0, 0.3210855722427368, 0.0, 0.7071067690849304) 0.6039907932281494
flower_red (-140.1322479248047, 16.26504898071289, 49.13037872314453) (0.0, 0.21633699536323547, 0.0, 0.7071067690849304) 1.1019338369369507
flower_red (-131.76971435546875, 15.472565650939941, 53.930519104003906) (0.0, 0.13795025646686554, 0.0, 0.7071067690849304) 1.087363839149475
flower_red (-134.61322021484375, 16.0225830078125, 57.70903778076172) (0.0, 0.6583837270736694, 0.0, 0.7071067690849304) 1.1864928007125854
flower_red (-172.95289611816406, 12.561589241027832, 25.731563568115234) (0.0, 0.22070170938968658, 0.0, 0.7071067690849304) 1.0819597244262695
flower_red (-134.9216766357422, 16.028987884521484, 55.94211959838867) (0.0, 0.3447428345680237, 0.0, 0.7071067690849304) 0.5489683747291565
flower_red (-201.4357452392578, 24.007169723510742, 62.124847412109375) (0.0, 0.027558138594031334, 0.0, 0.7071067690849304) 1.1981922388076782
flower_red (-174.22645568847656, 12.045300483703613, 17.503559112548828) (0.0, 0.45178502798080444, 0.0, 0.7071067690849304) 0.8254178762435913
flower_red (-164.99537658691406, 16.24532699584961, 86.67456817626953) (0.0, 0.4119768440723419, 0.0, 0.7071067690849304) 0.8837746381759644
flower_red (-164.73101806640625, 11.23640251159668, 19.483089447021484) (0.0, 0.3004074692726135, 0.0, 0.7071067690849304) 0.740658164024353
flower_red (-174.3030548095703, 14.445473670959473, 38.37400817871094) (0.0, 0.40955930948257446, 0.0, 0.7071067690849304) 0.5637076497077942
flower_red (-171.1918182373047, 20.294828414916992, 119.06695556640625) (0.0, 0.06121062487363815, 0.0, 0.7071067690849304) 0.9845560789108276
flower_red (-171.35423278808594, 13.679430961608887, 34.8286018371582) (0.0, 0.5944043397903442, 0.0, 0.7071067690849304) 0.6447536945343018
flower_red (-166.1078338623047, 19.091581344604492, 121.41954803466797) (0.0, 0.5958440899848938, 0.0, 0.7071067690849304) 0.5950661897659302
flower_red (-169.9981689453125, 12.47647476196289, 26.721418380737305) (0.0, 0.7005144953727722, 0.0, 0.7071067690849304) 0.5274827480316162
flower_red (-179.07601928710938, 14.498636245727539, 35.55780792236328) (0.0, 0.5152125954627991, 0.0, 0.7071067690849304) 0.6035168170928955
flower_red (-179.44229125976562, 14.788994789123535, 37.81151580810547) (0.0, 0.14848081767559052, 0.0, 0.7071067690849304) 1.0679625272750854
flower_red (-176.6273956298828, 13.343369483947754, 28.685569763183594) (0.0, 0.42951086163520813, 0.0, 0.7071067690849304) 0.7884937524795532
flower_red (-168.6143341064453, 19.68232536315918, 126.93399047851562) (0.0, 0.5278721451759338, 0.0, 0.7071067690849304) 1.0571303367614746
flower_red (-178.53521728515625, 14.116333961486816, 32.76908493041992) (0.0, 0.6166573762893677, 0.0, 0.7071067690849304) 1.0530165433883667
flower_red (-135.80787658691406, 16.144437789916992, 56.257484436035156) (0.0, 0.45728200674057007, 0.0, 0.7071067690849304) 1.1208014488220215
flower_red (-179.86106872558594, 16.497819900512695, 46.27257537841797) (0.0, 0.7043319940567017, 0.0, 0.7071067690849304) 0.5623179078102112
flower_red (-181.82342529296875, 14.845706939697266, 33.96433639526367) (0.0, 0.15537342429161072, 0.0, 0.7071067690849304) 0.650985836982727
flower_red (-176.53746032714844, 13.875728607177734, 32.98765563964844) (0.0, 0.10806232690811157, 0.0, 0.7071067690849304) 0.7550760507583618
flower_red (-175.11129760742188, 15.058384895324707, 41.439117431640625) (0.0, 0.3125396966934204, 0.0, 0.7071067690849304) 1.127934217453003
flower_red (-172.27804565429688, 13.73169994354248, 34.87682342529297) (0.0, 0.44978398084640503, 0.0, 0.7071067690849304) 0.5026552677154541
flower_red (-178.2028045654297, 14.702265739440918, 38.272918701171875) (0.0, 0.15692737698554993, 0.0, 0.7071067690849304) 0.6218445301055908
flower_red (-140.87158203125, 16.22917366027832, 51.02223205566406) (0.0, 0.40924564003944397, 0.0, 0.7071067690849304) 1.1880079507827759
flower_red (-160.74490356445312, 15.494927406311035, 87.80687713623047) (0.0, 0.0034777892287820578, 0.0, 0.7071067690849304) 0.8654933571815491
flower_red (-212.61512756347656, 27.014625549316406, 59.155643463134766) (0.0, 0.1114412397146225, 0.0, 0.7071067690849304) 0.6171987056732178
flower_red (-158.47837829589844, 15.172967910766602, 81.96842956542969) (0.0, 0.32317712903022766, 0.0, 0.7071067690849304) 0.5037913918495178
flower_red (-191.4117889404297, 20.933555603027344, 59.36968231201172) (0.0, 0.5666066408157349, 0.0, 0.7071067690849304) 0.885543704032898
flower_red (-138.10324096679688, 16.237751007080078, 53.433536529541016) (0.0, 0.4415530562400818, 0.0, 0.7071067690849304) 0.8402824401855469
flower_red (-167.08761596679688, 16.35744285583496, 74.84626770019531) (0.0, 0.668078601360321, 0.0, 0.7071067690849304) 1.1549806594848633
flower_red (-210.9295654296875, 26.7099552154541, 63.078880310058594) (0.0, 0.23160333931446075, 0.0, 0.7071067690849304) 0.9158086776733398
flower_red (-175.54473876953125, 15.552035331726074, 44.36039733886719) (0.0, 0.5225028991699219, 0.0, 0.7071067690849304) 0.82671719789505
flower_red (-177.6240997314453, 16.188127517700195, 46.966732025146484) (0.0, 0.1688600778579712, 0.0, 0.7071067690849304) 0.6698719263076782
flower_red (-183.60084533691406, 15.150209426879883, 30.73716163635254) (0.0, 0.1382686346769333, 0.0, 0.7071067690849304) 0.6066837310791016
flower_red (-163.39183044433594, 11.968140602111816, 25.598407745361328) (0.0, 0.5860729217529297, 0.0, 0.7071067690849304) 0.5814124345779419
flower_red (-182.02078247070312, 14.985485076904297, 36.02576446533203) (0.0, 0.3875146508216858, 0.0, 0.7071067690849304) 0.8873112201690674
flower_red (-163.09422302246094, 15.900229454040527, 86.7885971069336) (0.0, 0.39291027188301086, 0.0, 0.7071067690849304) 0.8345646262168884
flower_red (-194.67770385742188, 21.97405433654785, 60.685516357421875) (0.0, 0.5655399560928345, 0.0, 0.7071067690849304) 1.121978521347046
flower_red (-163.04248046875, 15.925979614257812, 89.37960815429688) (0.0, 0.08884336054325104, 0.0, 0.7071067690849304) 1.185126543045044
flower_red (-134.3247833251953, 15.941922187805176, 55.73242950439453) (0.0, 0.19421452283859253, 0.0, 0.7071067690849304) 0.7063407897949219
flower_red (-205.9754180908203, 25.157297134399414, 61.55353927612305) (0.0, 0.6813246011734009, 0.0, 0.7071067690849304) 1.0949956178665161
flower_red (-173.53135681152344, 14.730278015136719, 40.1937370300293) (0.0, 0.472685843706131, 0.0, 0.7071067690849304) 0.8004200458526611
flower_red (-209.6245880126953, 26.1925048828125, 61.31517791748047) (0.0, 0.5922543406486511, 0.0, 0.7071067690849304) 1.1302034854888916
flower_red (-202.6519775390625, 24.41384506225586, 63.086570739746094) (0.0, 0.46695300936698914, 0.0, 0.7071067690849304) 0.5859217047691345
flower_red (-160.78680419921875, 15.537325859069824, 83.2569580078125) (0.0, 0.3326186239719391, 0.0, 0.7071067690849304) 0.52177894115448
flower_red (-159.546142578125, 15.342974662780762, 82.44544219970703) (0.0, 0.599262535572052, 0.0, 0.7071067690849304) 0.858778715133667
flower_red (-158.9956817626953, 15.258848190307617, 83.33032989501953) (0.0, 0.42982417345046997, 0.0, 0.7071067690849304) 0.6172358989715576
flower_red (-159.83575439453125, 15.366443634033203, 88.89883422851562) (0.0, 0.6079257130622864, 0.0, 0.7071067690849304) 1.0258783102035522
flower_red (-180.6675262451172, 23.021841049194336, 117.8038101196289) (0.0, 0.5249967575073242, 0.0, 0.7071067690849304) 0.843231201171875
flower_red (-178.95657348632812, 14.739299774169922, 38.01864242553711) (0.0, 0.295194149017334, 0.0, 0.7071067690849304) 1.2190892696380615
flower_red (-182.050048828125, 14.708014488220215, 30.59810447692871) (0.0, 0.6450824737548828, 0.0, 0.7071067690849304) 1.1908917427062988
flower_red (-160.0259552001953, 15.37658977508545, 88.05781555175781) (0.0, 0.11136706173419952, 0.0, 0.7071067690849304) 0.9788119792938232
flower_red (-168.58010864257812, 19.671070098876953, 126.85894775390625) (0.0, 0.4052490293979645, 0.0, 0.7071067690849304) 0.8906946778297424
flower_red (-172.1566925048828, 14.66140079498291, 40.310142517089844) (0.0, 0.056581638753414154, 0.0, 0.7071067690849304) 0.6609371900558472
flower_red (-166.8248748779297, 10.88929271697998, 12.983083724975586) (0.0, 0.2777864933013916, 0.0, 0.7071067690849304) 0.867833137512207
flower_red (-169.55775451660156, 19.938100814819336, 120.92131042480469) (0.0, 0.7061055898666382, 0.0, 0.7071067690849304) 0.8816728591918945
flower_red (-170.51034545898438, 20.31844139099121, 124.14008331298828) (0.0, 0.5919696092605591, 0.0, 0.7071067690849304) 0.9554495811462402
flower_red (-163.37359619140625, 18.50667381286621, 125.64051055908203) (0.0, 0.6807764768600464, 0.0, 0.7071067690849304) 0.840727686882019
flower_red (-177.21713256835938, 22.166780471801758, 123.31807708740234) (0.0, 0.391682893037796, 0.0, 0.7071067690849304) 0.9741886854171753
flower_red (-169.77381896972656, 20.033424377441406, 122.55889129638672) (0.0, 0.12815997004508972, 0.0, 0.7071067690849304) 1.2350056171417236
flower_red (-166.16946411132812, 18.97266387939453, 118.3583755493164) (0.0, 0.21321600675582886, 0.0, 0.7071067690849304) 1.0619895458221436
flower_red (-166.10574340820312, 19.05722999572754, 120.4646224975586) (0.0, 0.6181495189666748, 0.0, 0.7071067690849304) 0.6088579893112183
flower_red (-171.08106994628906, 13.630528450012207, 34.570457458496094) (0.0, 0.01258723996579647, 0.0, 0.7071067690849304) 0.8661437034606934
flower_red (-183.2003631591797, 15.18576431274414, 33.83773422241211) (0.0, 0.5314531326293945, 0.0, 0.7071067690849304) 1.0853922367095947
flower_red (-161.06289672851562, 10.39076042175293, 11.332154273986816) (0.0, 0.6176765561103821, 0.0, 0.7071067690849304) 0.9268065094947815
