flower (256.06427001953125, 11.943374633789062, -371.96923828125) (0.0, 0.5094738602638245, 0.0, 0.7071067690849304) 1.197081208229065
flower (268.6374206542969, 12.263981819152832, -381.9645690917969) (0.0, 0.28661879897117615, 0.0, 0.7071067690849304) 0.634382963180542
flower (258.63134765625, 11.880437850952148, -362.55438232421875) (0.0, 0.26922470331192017, 0.0, 0.7071067690849304) 0.9950926899909973
flower (253.37451171875, 11.81248664855957, -367.8402404785156) (0.0, 0.7064555883407593, 0.0, 0.7071067690849304) 1.00356125831604
flower (258.8275146484375, 11.853593826293945, -360.95965576171875) (0.0, 0.19171884655952454, 0.0, 0.7071067690849304) 0.898903489112854
flower (261.85980224609375, 11.759245872497559, -394.4889831542969) (0.0, 0.12524938583374023, 0.0, 0.7071067690849304) 0.7197118997573853
flower (255.5065155029297, 11.750267028808594, -359.308349609375) (0.0, 0.4527631998062134, 0.0, 0.7071067690849304) 1.214163899421692
flower (252.7444610595703, 11.324719429016113, -389.2540283203125) (0.0, 0.20419709384441376, 0.0, 0.7071067690849304) 1.2284568548202515
flower (251.56646728515625, 11.42319107055664, -386.2835693359375) (0.0, 0.12545421719551086, 0.0, 0.7071067690849304) 0.7322945594787598
flower (253.18768310546875, 11.697660446166992, -359.5847473144531) (0.0, 0.40565481781959534, 0.0, 0.7071067690849304) 0.9263623952865601
flower (266.7194519042969, 12.226387023925781, -377.34954833984375) (0.0, 0.38199248909950256, 0.0, 0.7071067690849304) 1.0332884788513184
flower (253.7781524658203, 11.863382339477539, -373.7180480957031) (0.0, 0.35173794627189636, 0.0, 0.7071067690849304) 1.0643436908721924
flower (263.78863525390625, 11.955875396728516, -393.5256042480469) (0.0, 0.6209332346916199, 0.0, 0.7071067690849304) 1.2480006217956543
flower (256.5017395019531, 11.96699047088623, -379.6619873046875) (0.0, 0.014055720530450344, 0.0, 0.7071067690849304) 0.7910701036453247
flower (256.4034423828125, 11.904519081115723, -383.2528076171875) (0.0, 0.288361132144928, 0.0, 0.7071067690849304) 1.1834158897399902
flower (256.7032165527344, 11.306181907653809, -393.87969970703125) (0.0, 0.4977961778640747, 0.0, 0.7071067690849304) 1.0354446172714233
flower (261.0531921386719, 12.125079154968262, -383.9217224121094) (0.0, 0.4309706389904022, 0.0, 0.7071067690849304) 1.0967590808868408
flower (257.40142822265625, 11.875678062438965, -386.42462158203125) (0.0, 0.3414594233036041, 0.0, 0.7071067690849304) 0.9475971460342407
flower (254.67140197753906, 11.14449691772461, -393.2356262207031) (0.0, 0.3678617477416992, 0.0, 0.7071067690849304) 1.1500176191329956
flower (258.73028564453125, 11.86879825592041, -361.84124755859375) (0.0, 0.16048532724380493, 0.0, 0.7071067690849304) 0.5332076549530029
flower (270.3750305175781, 12.2606782913208, -382.5997314453125) (0.0, 0.09007278829813004, 0.0, 0.7071067690849304) 0.9063972234725952
flower (261.9575500488281, 12.125167846679688, -373.7420959472656) (0.0, 0.27283796668052673, 0.0, 0.7071067690849304) 0.8089697360992432
flower (268.0174255371094, 11.984454154968262, -396.1884460449219) (0.0, 0.06799399107694626, 0.0, 0.7071067690849304) 0.5349017381668091
flower (253.7327423095703, 11.846108436584473, -370.2839660644531) (0.0, 0.46740642189979553, 0.0, 0.7071067690849304) 0.5951821804046631
flower (265.1861572265625, 12.167780876159668, -389.60491943359375) (0.0, 0.32443708181381226, 0.0, 0.7071067690849304) 1.004443645477295
flower (255.9543914794922, 11.874744415283203, -366.03582763671875) (0.0, 0.4320390820503235, 0.0, 0.7071067690849304) 1.0705808401107788
flower (254.13626098632812, 11.837316513061523, -367.7629089355469) (0.0, 0.46664872765541077, 0.0, 0.7071067690849304) 1.208967924118042
flower (264.0802917480469, 12.21785831451416, -380.03582763671875) (0.0, 0.18485784530639648, 0.0, 0.7071067690849304) 0.796701192855835
flower (262.3743591308594, 12.004853248596191, -390.99713134765625) (0.0, 0.2530919909477234, 0.0, 0.7071067690849304) 1.0916287899017334
flower (255.14292907714844, 11.813178062438965, -363.5840148925781) (0.0, 0.530486524105072, 0.0, 0.7071067690849304) 0.840205192565918
flower (255.19517517089844, 11.873703002929688, -367.7432861328125) (0.0, 0.6805417537689209, 0.0, 0.7071067690849304) 0.552293598651886
flower (258.9661560058594, 11.766266822814941, -356.51416015625) (0.0, 0.18947544693946838, 0.0, 0.7071067690849304) 0.6872379779815674
flower (253.05535888671875, 11.578497886657715, -385.783447265625) (0.0, 0.5847547054290771, 0.0, 0.7071067690849304) 0.5229758024215698
flower (251.60211181640625, 11.587271690368652, -355.7804870605469) (0.0, 0.6615503430366516, 0.0, 0.7071067690849304) 1.146311640739441
flower (254.8702392578125, 11.911577224731445, -374.8284606933594) (0.0, 0.5699121952056885, 0.0, 0.7071067690849304) 0.6603723168373108
flower (257.0955505371094, 11.775724411010742, -388.27569580078125) (0.0, 0.20667819678783417, 0.0, 0.7071067690849304) 0.8132765293121338
flower (252.12765502929688, 11.709009170532227, -380.1720275878906) (0.0, 0.12011902034282684, 0.0, 0.7071067690849304) 0.6543146371841431
flower (254.05030822753906, 11.829050064086914, -367.2538146972656) (0.0, 0.5592856407165527, 0.0, 0.7071067690849304) 0.5301827192306519
flower (257.0332946777344, 11.94507884979248, -383.05010986328125) (0.0, 0.418478399515152, 0.0, 0.7071067690849304) 1.0826987028121948
flower (258.3997802734375, 12.03905200958252, -381.3995056152344) (0.0, 0.26004689931869507, 0.0, 0.7071067690849304) 1.0514061450958252
flower (250.66810607910156, 11.407819747924805, -347.83111572265625) (0.0, 0.500671923160553, 0.0, 0.7071067690849304) 0.5780133008956909
flower (259.118896484375, 12.046452522277832, -372.7939453125) (0.0, 0.5848743319511414, 0.0, 0.7071067690849304) 1.0609965324401855
flower (252.4063262939453, 11.489751815795898, -349.5874938964844) (0.0, 0.6089015007019043, 0.0, 0.7071067690849304) 0.7918167114257812
flower (263.88104248046875, 12.129958152770996, -371.86785888671875) (0.0, 0.1533588021993637, 0.0, 0.7071067690849304) 0.9593042135238647
flower (266.94708251953125, 12.210830688476562, -389.546142578125) (0.0, 0.4141641855239868, 0.0, 0.7071067690849304) 0.5042736530303955
flower (267.9945068359375, 12.26578426361084, -384.9593505859375) (0.0, 0.024019403383135796, 0.0, 0.7071067690849304) 1.1993168592453003
flower (257.4359436035156, 11.844956398010254, -362.1496887207031) (0.0, 0.6714911460876465, 0.0, 0.7071067690849304) 1.1014859676361084
flower (254.4114227294922, 11.801783561706543, -364.11322021484375) (0.0, 0.28339001536369324, 0.0, 0.7071067690849304) 0.7378926277160645
flower (252.27371215820312, 11.584911346435547, -354.6512451171875) (0.0, 0.24370115995407104, 0.0, 0.7071067690849304) 0.9209803938865662
flower (254.4427490234375, 11.653714179992676, -386.5466613769531) (0.0, 0.3273060917854309, 0.0, 0.7071067690849304) 1.21433687210083
flower (261.1304626464844, 12.055438995361328, -370.04534912109375) (0.0, 0.3953483998775482, 0.0, 0.7071067690849304) 0.7052038908004761
flower (261.9549255371094, 11.401601791381836, -398.0446472167969) (0.0, 0.47208043932914734, 0.0, 0.7071067690849304) 1.142013669013977
flower (260.82421875, 12.089316368103027, -372.79779052734375) (0.0, 0.5863582491874695, 0.0, 0.7071067690849304) 1.0515663623809814
flower (255.49453735351562, 11.72734546661377, -358.0238952636719) (0.0, 0.5313155651092529, 0.0, 0.7071067690849304) 1.1486687660217285
flower (258.4757995605469, 11.994816780090332, -384.5677185058594) (0.0, 0.47688230872154236, 0.0, 0.7071067690849304) 0.6517119407653809
flower (255.01597595214844, 11.04952335357666, -394.3370361328125) (0.0, 0.38563135266304016, 0.0, 0.7071067690849304) 0.9570584297180176
flower (252.07298278808594, 11.718313217163086, -363.3634948730469) (0.0, 0.645541250705719, 0.0, 0.7071067690849304) 0.742499828338623
flower (252.8247833251953, 11.694832801818848, -382.4532775878906) (0.0, 0.6754952073097229, 0.0, 0.7071067690849304) 0.6747481822967529
flower (261.6461181640625, 12.163195610046387, -380.739501953125) (0.0, 0.05996805056929588, 0.0, 0.7071067690849304) 0.6268969178199768
flower (255.14114379882812, 11.75135326385498, -385.55389404296875) (0.0, 0.456746906042099, 0.0, 0.7071067690849304) 1.0621967315673828
flower (256.86376953125, 11.940241813659668, -382.7909851074219) (0.0, 0.3396749198436737, 0.0, 0.7071067690849304) 0.5662721395492554
flower (256.8822021484375, 11.917724609375, -367.2762451171875) (0.0, 0.3394690155982971, 0.0, 0.7071067690849304) 0.5237166285514832
flower (259.0325622558594, 11.810932159423828, -358.5538024902344) (0.0, 0.344994455575943, 0.0, 0.7071067690849304) 0.6998027563095093
flower (255.37246704101562, 11.400405883789062, -391.4961853027344) (0.0, 0.011786787770688534, 0.0, 0.7071067690849304) 1.2283248901367188
flower (251.80035400390625, 11.258934020996094, -388.9189453125) (0.0, 0.25103557109832764, 0.0, 0.7071067690849304) 0.825263500213623
flower (259.4225158691406, 12.029781341552734, -370.65106201171875) (0.0, 0.34282365441322327, 0.0, 0.7071067690849304) 0.7962508797645569
flower (253.74966430664062, 11.801656723022461, -380.59783935546875) (0.0, 0.19458676874637604, 0.0, 0.7071067690849304) 0.7305866479873657
flower (265.98052978515625, 12.242788314819336, -380.26873779296875) (0.0, 0.40272873640060425, 0.0, 0.7071067690849304) 1.0326570272445679
flower (258.05218505859375, 11.963024139404297, -384.8172607421875) (0.0, 0.2645109295845032, 0.0, 0.7071067690849304) 0.7773827314376831
flower (258.43670654296875, 11.763139724731445, -356.70013427734375) (0.0, 0.5639609694480896, 0.0, 0.7071067690849304) 1.1097749471664429
flower (260.6910400390625, 11.617188453674316, -394.9971618652344) (0.0, 0.12253774702548981, 0.0, 0.7071067690849304) 0.5499504804611206
flower (264.6925964355469, 12.206095695495605, -377.2830505371094) (0.0, 0.34190189838409424, 0.0, 0.7071067690849304) 1.2233171463012695
flower (255.56260681152344, 11.932605743408203, -373.34552001953125) (0.0, 0.3405802547931671, 0.0, 0.7071067690849304) 0.9123145341873169
flower (268.3088073730469, 12.20584774017334, -390.5236511230469) (0.0, 0.5649452805519104, 0.0, 0.7071067690849304) 1.2204480171203613
flower (250.82794189453125, 11.198753356933594, -388.47967529296875) (0.0, 0.4697047770023346, 0.0, 0.7071067690849304) 1.1179511547088623
flower (251.7361602783203, 11.031388282775879, -391.2603759765625) (0.0, 0.351603239774704, 0.0, 0.7071067690849304) 0.58125901222229
flower (256.581298828125, 11.985036849975586, -376.09954833984375) (0.0, 0.07803758978843689, 0.0, 0.7071067690849304) 0.759701669216156
flower (253.06451416015625, 11.704517364501953, -360.3672790527344) (0.0, 0.0106281703338027, 0.0, 0.7071067690849304) 1.0690147876739502
flower (253.6603546142578, 11.573820114135742, -352.42620849609375) (0.0, 0.2010912150144577, 0.0, 0.7071067690849304) 0.5247336626052856
flower (260.7794494628906, 12.098611831665039, -384.94293212890625) (0.0, 0.4962543547153473, 0.0, 0.7071067690849304) 0.8899723291397095
flower (250.6492156982422, 11.506723403930664, -352.810546875) (0.0, 0.2563381493091583, 0.0, 0.7071067690849304) 1.0057852268218994
flower (253.75747680664062, 11.862380027770996, -374.1157531738281) (0.0, 0.5469760298728943, 0.0, 0.7071067690849304) 0.8789945840835571
flower (253.317626953125, 11.840887069702148, -372.9722595214844) (0.0, 0.05086129903793335, 0.0, 0.7071067690849304) 1.2059670686721802
flower (259.8858947753906, 11.94008731842041, -389.0063781738281) (0.0, 0.4329148828983307, 0.0, 0.7071067690849304) 1.1250793933868408
flower (257.71820068359375, 11.875421524047852, -363.4389953613281) (0.0, 0.15342582762241364, 0.0, 0.7071067690849304) 0.9363957643508911
flower (255.2436065673828, 11.879314422607422, -368.151611328125) (0.0, 0.15117855370044708, 0.0, 0.7071067690849304) 0.7264547944068909
flower (256.19873046875, 11.956307411193848, -373.2488098144531) (0.0, 0.5972938537597656, 0.0, 0.7071067690849304) 1.0387674570083618
flower (257.52783203125, 11.801248550415039, -359.5589904785156) (0.0, 0.5722201466560364, 0.0, 0.7071067690849304) 1.026119351387024
flower (261.4712219238281, 12.138225555419922, -376.06195068359375) (0.0, 0.23681724071502686, 0.0, 0.7071067690849304) 1.037306308746338
flower (250.94378662109375, 11.720928192138672, -368.2669982910156) (0.0, 0.08039528131484985, 0.0, 0.7071067690849304) 0.5618715882301331
flower (265.2377014160156, 12.187575340270996, -374.82708740234375) (0.0, 0.2407599836587906, 0.0, 0.7071067690849304) 0.6043330430984497
flower (261.31622314453125, 12.122855186462402, -374.78607177734375) (0.0, 0.3040960729122162, 0.0, 0.7071067690849304) 1.1427843570709229
flower (252.0174102783203, 11.446466445922852, -348.099365234375) (0.0, 0.5124803185462952, 0.0, 0.7071067690849304) 0.9379863142967224
flower (255.4838104248047, 11.821341514587402, -363.46417236328125) (0.0, 0.3510029911994934, 0.0, 0.7071067690849304) 1.199225664138794
flower (262.88104248046875, 12.189626693725586, -384.0914306640625) (0.0, 0.30614542961120605, 0.0, 0.7071067690849304) 0.5832170248031616
flower (254.2886199951172, 11.853988647460938, -368.87335205078125) (0.0, 0.02280009537935257, 0.0, 0.7071067690849304) 0.6118694543838501
flower (253.03399658203125, 11.82731819152832, -372.5761413574219) (0.0, 0.5654051899909973, 0.0, 0.7071067690849304) 0.8027982711791992
flower (256.0060119628906, 11.917366027832031, -369.3023376464844) (0.0, 0.5621039867401123, 0.0, 0.7071067690849304) 0.6377134323120117
flower (258.987060546875, 11.935905456542969, -365.29034423828125) (0.0, 0.34078431129455566, 0.0, 0.7071067690849304) 1.1726571321487427
flower (260.3472595214844, 11.3604154586792, -396.99627685546875) (0.0, 0.37800469994544983, 0.0, 0.7071067690849304) 1.0377223491668701
flower (254.83738708496094, 11.881446838378906, -379.7061767578125) (0.0, 0.009834292344748974, 0.0, 0.7071067690849304) 0.7858989834785461
flower (252.4446258544922, 11.794685363769531, -374.7489318847656) (0.0, 0.30967092514038086, 0.0, 0.7071067690849304) 0.7338211536407471
flower (256.3738708496094, 11.967844009399414, -378.48193359375) (0.0, 0.4032495617866516, 0.0, 0.7071067690849304) 0.5680506825447083
flower (250.70803833007812, 11.610634803771973, -358.81488037109375) (0.0, 0.037990324199199677, 0.0, 0.7071067690849304) 0.6003788113594055
flower (250.52952575683594, 11.702224731445312, -367.7638244628906) (0.0, 0.21610939502716064, 0.0, 0.7071067690849304) 0.7541730999946594
flower (254.80126953125, 11.897767066955566, -377.8490295410156) (0.0, 0.11573288589715958, 0.0, 0.7071067690849304) 1.0628384351730347
flower (251.4691925048828, 11.725297927856445, -376.9635009765625) (0.0, 0.060041725635528564, 0.0, 0.7071067690849304) 0.6357605457305908
flower (258.9805908203125, 12.039924621582031, -372.5353698730469) (0.0, 0.644322395324707, 0.0, 0.7071067690849304) 1.1634047031402588
flower (254.22528076171875, 11.828780174255371, -380.6254577636719) (0.0, 0.2101462036371231, 0.0, 0.7071067690849304) 0.8523799180984497
flower (262.46014404296875, 12.151838302612305, -375.1941223144531) (0.0, 0.058198388665914536, 0.0, 0.7071067690849304) 0.7013733386993408
flower (257.2294921875, 12.000205993652344, -379.89056396484375) (0.0, 0.6936855316162109, 0.0, 0.7071067690849304) 0.7457915544509888
flower (255.31790161132812, 11.753828048706055, -359.7818603515625) (0.0, 0.7056942582130432, 0.0, 0.7071067690849304) 0.8811074495315552
flower (259.1743469238281, 11.99362850189209, -386.1658630371094) (0.0, 0.3592841625213623, 0.0, 0.7071067690849304) 1.0399144887924194
flower (254.699951171875, 11.849250793457031, -367.1689147949219) (0.0, 0.6513934135437012, 0.0, 0.7071067690849304) 0.5051321983337402
flower (255.52027893066406, 11.920384407043457, -379.1105651855469) (0.0, 0.39288464188575745, 0.0, 0.7071067690849304) 0.8362162113189697
flower (251.0782470703125, 11.645105361938477, -360.2817687988281) (0.0, 0.466869980096817, 0.0, 0.7071067690849304) 1.1431046724319458
flower (258.8482360839844, 11.76236343383789, -356.4281005859375) (0.0, 0.30100521445274353, 0.0, 0.7071067690849304) 0.8834756016731262
flower (257.1681823730469, 11.728327751159668, -356.1720886230469) (0.0, 0.19795851409435272, 0.0, 0.7071067690849304) 1.2192363739013672
flower (255.37538146972656, 11.605666160583496, -388.764892578125) (0.0, 0.5231175422668457, 0.0, 0.7071067690849304) 0.9834420680999756
flower (250.235107421875, 11.696410179138184, -371.5543212890625) (0.0, 0.07738186419010162, 0.0, 0.7071067690849304) 0.5317782163619995
flower (267.14849853515625, 12.228521347045898, -388.59857177734375) (0.0, 0.4289867877960205, 0.0, 0.7071067690849304) 0.8373074531555176
flower (256.59234619140625, 11.872076988220215, -364.773193359375) (0.0, 0.09696269780397415, 0.0, 0.7071067690849304) 0.990185022354126
flower (257.25262451171875, 11.951308250427246, -383.38671875) (0.0, 0.6704220771789551, 0.0, 0.7071067690849304) 1.205688714981079
flower (252.66616821289062, 11.464132308959961, -348.2500305175781) (0.0, 0.3924539089202881, 0.0, 0.7071067690849304) 0.9013233184814453
flower (258.2759704589844, 11.93387222290039, -366.14056396484375) (0.0, 0.678150475025177, 0.0, 0.7071067690849304) 0.6333864331245422
flower (257.3129577636719, 11.982807159423828, -381.72930908203125) (0.0, 0.1624981015920639, 0.0, 0.7071067690849304) 1.205245018005371
flower (253.63890075683594, 11.843833923339844, -370.54345703125) (0.0, 0.6940228939056396, 0.0, 0.7071067690849304) 1.2372157573699951
flower (267.7720031738281, 12.249123573303223, -387.55316162109375) (0.0, 0.02948172017931938, 0.0, 0.7071067690849304) 0.9930967688560486
flower (254.02415466308594, 11.810519218444824, -365.6404724121094) (0.0, 0.3954971730709076, 0.0, 0.7071067690849304) 1.1969256401062012
flower (251.11114501953125, 11.634359359741211, -359.5068054199219) (0.0, 0.04232841730117798, 0.0, 0.7071067690849304) 0.9508249759674072
flower (258.0373840332031, 11.407649993896484, -394.3390808105469) (0.0, 0.13040892779827118, 0.0, 0.7071067690849304) 0.9790493249893188
flower (268.71051025390625, 12.25376033782959, -380.2454528808594) (0.0, 0.38228926062583923, 0.0, 0.7071067690849304) 1.0757583379745483
flower (250.08779907226562, 11.603407859802246, -378.88580322265625) (0.0, 0.3275032639503479, 0.0, 0.7071067690849304) 0.7490618228912354
flower (250.7522735595703, 11.721474647521973, -371.2475891113281) (0.0, 0.31949326395988464, 0.0, 0.7071067690849304) 0.7784404754638672
flower (256.1296081542969, 11.931303024291992, -380.9736328125) (0.0, 0.18853886425495148, 0.0, 0.7071067690849304) 0.9691426753997803
flower (267.6336669921875, 11.618751525878906, -400.8389892578125) (0.0, 0.4774443805217743, 0.0, 0.7071067690849304) 1.1016228199005127
flower (251.98651123046875, 11.494392395019531, -350.4124755859375) (0.0, 0.38764116168022156, 0.0, 0.7071067690849304) 1.1959172487258911
flower (260.5760192871094, 11.654637336730957, -394.4663391113281) (0.0, 0.535968542098999, 0.0, 0.7071067690849304) 0.5245697498321533
flower (252.62432861328125, 11.753472328186035, -379.57965087890625) (0.0, 0.5183552503585815, 0.0, 0.7071067690849304) 0.9470550417900085
flower (252.58001708984375, 11.56567096710205, -385.2423400878906) (0.0, 0.08586231619119644, 0.0, 0.7071067690849304) 0.8963158130645752
flower (258.9347839355469, 12.033616065979004, -372.02191162109375) (0.0, 0.10046232491731644, 0.0, 0.7071067690849304) 0.6241116523742676
flower (255.39505004882812, 11.706679344177246, -386.97955322265625) (0.0, 0.1329103410243988, 0.0, 0.7071067690849304) 1.0797463655471802
flower (250.06398010253906, 11.425726890563965, -349.3778381347656) (0.0, 0.4439394176006317, 0.0, 0.7071067690849304) 0.513167679309845
flower (257.14923095703125, 11.925673484802246, -367.3497009277344) (0.0, 0.5494570732116699, 0.0, 0.7071067690849304) 0.9448102116584778
flower (254.10848999023438, 11.842836380004883, -368.44342041015625) (0.0, 0.6508803367614746, 0.0, 0.7071067690849304) 0.7632121443748474
flower (256.26055908203125, 11.957356452941895, -378.99737548828125) (0.0, 0.19532594084739685, 0.0, 0.7071067690849304) 0.591666579246521
flower (266.5672607421875, 12.24436092376709, -386.87115478515625) (0.0, 0.037777651101350784, 0.0, 0.7071067690849304) 0.5504705905914307
flower (261.94305419921875, 12.002204895019531, -365.99853515625) (0.0, 0.6552855372428894, 0.0, 0.7071067690849304) 0.7427607774734497
flower (256.9820861816406, 11.874998092651367, -364.3973083496094) (0.0, 0.3260948061943054, 0.0, 0.7071067690849304) 0.9432624578475952
flower (259.40771484375, 12.025301933288574, -370.2993469238281) (0.0, 0.3642943501472473, 0.0, 0.7071067690849304) 0.5339655876159668
flower (272.682861328125, 11.925362586975098, -400.10943603515625) (0.0, 0.08230006694793701, 0.0, 0.7071067690849304) 1.2336139678955078
flower (267.03680419921875, 12.261678695678711, -383.544189453125) (0.0, 0.35257405042648315, 0.0, 0.7071067690849304) 1.1408356428146362
flower (252.45887756347656, 10.848372459411621, -393.4647216796875) (0.0, 0.2511659562587738, 0.0, 0.7071067690849304) 0.6046134829521179
flower (254.14210510253906, 11.764336585998535, -362.3248291015625) (0.0, 0.46710145473480225, 0.0, 0.7071067690849304) 1.1691861152648926
flower (258.4424743652344, 11.978230476379395, -368.6710205078125) (0.0, 0.399245947599411, 0.0, 0.7071067690849304) 0.9521763324737549
flower (251.5862579345703, 11.656437873840332, -360.03314208984375) (0.0, 0.44802191853523254, 0.0, 0.7071067690849304) 0.9233704805374146
flower (252.63583374023438, 11.736080169677734, -363.37060546875) (0.0, 0.18359403312206268, 0.0, 0.7071067690849304) 0.9678248167037964
flower (261.9563293457031, 12.130532264709473, -374.29803466796875) (0.0, 0.34193500876426697, 0.0, 0.7071067690849304) 1.109118938446045
flower (251.49313354492188, 11.111695289611816, -390.20770263671875) (0.0, 0.4444078207015991, 0.0, 0.7071067690849304) 1.01722252368927
flower (251.34986877441406, 11.747086524963379, -370.08160400390625) (0.0, 0.23350077867507935, 0.0, 0.7071067690849304) 0.6699491739273071
flower (258.04388427734375, 12.020554542541504, -373.34698486328125) (0.0, 0.077062226831913, 0.0, 0.7071067690849304) 0.9771905541419983
flower (253.40170288085938, 11.820212364196777, -368.850830078125) (0.0, 0.30950191617012024, 0.0, 0.7071067690849304) 0.8086749315261841
flower (253.4742431640625, 11.583038330078125, -353.087890625) (0.0, 0.324946790933609, 0.0, 0.7071067690849304) 0.7746402025222778
flower (261.904052734375, 12.170695304870605, -380.2153015136719) (0.0, 0.6867424845695496, 0.0, 0.7071067690849304) 0.8395121097564697
flower (253.64578247070312, 11.814529418945312, -379.5469970703125) (0.0, 0.46746814250946045, 0.0, 0.7071067690849304) 0.991115152835846
flower (252.29147338867188, 11.791366577148438, -371.4619140625) (0.0, 0.42471158504486084, 0.0, 0.7071067690849304) 0.7039535045623779
flower (250.4408416748047, 11.695525169372559, -367.4148254394531) (0.0, 0.032482489943504333, 0.0, 0.7071067690849304) 0.8746339678764343
flower (260.4330139160156, 11.257710456848145, -397.8260192871094) (0.0, 0.6193602085113525, 0.0, 0.7071067690849304) 0.6271467208862305
flower (261.8286437988281, 12.137938499450684, -385.29730224609375) (0.0, 0.07694235444068909, 0.0, 0.7071067690849304) 0.7670648694038391
flower (257.0849914550781, 11.806121826171875, -387.5657653808594) (0.0, 0.17749083042144775, 0.0, 0.7071067690849304) 0.5150543451309204
flower (266.5328674316406, 12.15805435180664, -391.2477111816406) (0.0, 0.6204067468643188, 0.0, 0.7071067690849304) 1.1388579607009888
flower (266.5003662109375, 12.224508285522461, -377.3748779296875) (0.0, 0.3693804442882538, 0.0, 0.7071067690849304) 0.765842854976654
flower (259.7559509277344, 11.947663307189941, -365.1279602050781) (0.0, 0.3769218623638153, 0.0, 0.7071067690849304) 0.796127438545227
flower (257.9512023925781, 11.859152793884277, -362.27410888671875) (0.0, 0.3246892988681793, 0.0, 0.7071067690849304) 0.9044082760810852
flower (253.812255859375, 11.805770874023438, -380.5733947753906) (0.0, 0.3264927566051483, 0.0, 0.7071067690849304) 1.2128534317016602
flower (257.8606872558594, 11.982687950134277, -370.1041259765625) (0.0, 0.14270003139972687, 0.0, 0.7071067690849304) 0.6123064160346985
flower (258.738037109375, 12.030868530273438, -383.44488525390625) (0.0, 0.38754305243492126, 0.0, 0.7071067690849304) 0.7537719011306763
flower (256.86590576171875, 11.830157279968262, -361.956298828125) (0.0, 0.022219397127628326, 0.0, 0.7071067690849304) 0.9439249038696289
flower (256.37908935546875, 11.792510032653809, -360.5009765625) (0.0, 0.6996550559997559, 0.0, 0.7071067690849304) 0.8400028944015503
flower (250.3632354736328, 11.550551414489746, -355.70550537109375) (0.0, 0.37740007042884827, 0.0, 0.7071067690849304) 0.8675472736358643
flower (265.21795654296875, 12.241361618041992, -381.72686767578125) (0.0, 0.23939140141010284, 0.0, 0.7071067690849304) 0.9371652007102966
flower (263.8486633300781, 12.202462196350098, -378.244140625) (0.0, 0.6486987471580505, 0.0, 0.7071067690849304) 1.2436530590057373
flower (261.6363830566406, 12.16291332244873, -380.0841979980469) (0.0, 0.44718438386917114, 0.0, 0.7071067690849304) 0.9027374982833862
flower (256.1776123046875, 11.845882415771484, -384.9190979003906) (0.0, 0.40223485231399536, 0.0, 0.7071067690849304) 1.1893339157104492
flower (254.64671325683594, 11.424967765808105, -390.33892822265625) (0.0, 0.6884819269180298, 0.0, 0.7071067690849304) 0.7384250164031982
flower (250.87600708007812, 11.411615371704102, -347.8080139160156) (0.0, 0.6179822683334351, 0.0, 0.7071067690849304) 1.0817620754241943
flower (256.181640625, 11.951160430908203, -379.60107421875) (0.0, 0.26571354269981384, 0.0, 0.7071067690849304) 0.6100325584411621
flower (262.48822021484375, 11.522958755493164, -397.52349853515625) (0.0, 0.1611192226409912, 0.0, 0.7071067690849304) 0.5278167724609375
flower (254.02403259277344, 11.610469818115234, -353.7337646484375) (0.0, 0.5001826882362366, 0.0, 0.7071067690849304) 0.6873058080673218
flower (264.9912109375, 11.91633415222168, -395.2225646972656) (0.0, 0.22983746230602264, 0.0, 0.7071067690849304) 0.9441835880279541
flower (250.65309143066406, 11.51569938659668, -382.900146484375) (0.0, 0.08412999659776688, 0.0, 0.7071067690849304) 1.2152608633041382
flower (255.14706420898438, 11.705033302307129, -357.2700500488281) (0.0, 0.361343652009964, 0.0, 0.7071067690849304) 0.5074375867843628
flower (261.3034973144531, 11.514118194580078, -396.5644836425781) (0.0, 0.32187995314598083, 0.0, 0.7071067690849304) 0.5776426792144775
flower (267.02386474609375, 11.868240356445312, -397.4328918457031) (0.0, 0.4941461682319641, 0.0, 0.7071067690849304) 1.1812928915023804
flower (264.73919677734375, 12.22908878326416, -380.0967102050781) (0.0, 0.648521900177002, 0.0, 0.7071067690849304) 0.980652928352356
flower (262.9069519042969, 12.186284065246582, -378.14886474609375) (0.0, 0.09701959788799286, 0.0, 0.7071067690849304) 1.0906715393066406
flower (255.75172424316406, 11.926557540893555, -379.646240234375) (0.0, 0.12752801179885864, 0.0, 0.7071067690849304) 0.8991039395332336
flower (252.79730224609375, 11.815848350524902, -372.3899230957031) (0.0, 0.09908664971590042, 0.0, 0.7071067690849304) 0.7879471778869629
flower (255.2773895263672, 11.9265775680542, -376.43115234375) (0.0, 0.43761342763900757, 0.0, 0.7071067690849304) 0.5975011587142944
flower (254.71946716308594, 11.89217758178711, -371.5782775878906) (0.0, 0.4398805797100067, 0.0, 0.7071067690849304) 0.9891353249549866
flower (256.4690856933594, 11.845430374145508, -363.3850402832031) (0.0, 0.21049973368644714, 0.0, 0.7071067690849304) 0.6341942548751831
flower (252.09945678710938, 11.784149169921875, -372.0896301269531) (0.0, 0.6028534173965454, 0.0, 0.7071067690849304) 0.8075989484786987
flower (259.05108642578125, 11.785625457763672, -357.37371826171875) (0.0, 0.08419414609670639, 0.0, 0.7071067690849304) 0.7128145694732666
flower (256.2020568847656, 11.652815818786621, -389.149658203125) (0.0, 0.3092266917228699, 0.0, 0.7071067690849304) 0.7823208570480347
flower (253.96633911132812, 11.685617446899414, -357.8094787597656) (0.0, 0.18258360028266907, 0.0, 0.7071067690849304) 1.1503653526306152
flower (250.6655731201172, 11.583503723144531, -381.0812072753906) (0.0, 0.479705810546875, 0.0, 0.7071067690849304) 1.03145170211792
flower (254.0187225341797, 11.813860893249512, -365.884521484375) (0.0, 0.3226432204246521, 0.0, 0.7071067690849304) 1.027596116065979
flower (253.03530883789062, 11.822650909423828, -374.8565368652344) (0.0, 0.10628937929868698, 0.0, 0.7071067690849304) 1.1795156002044678
flower (258.1752624511719, 11.933570861816406, -366.2257080078125) (0.0, 0.3800548315048218, 0.0, 0.7071067690849304) 0.5064105987548828
flower (250.01087951660156, 11.6854248046875, -368.91595458984375) (0.0, 0.03431588038802147, 0.0, 0.7071067690849304) 0.5212350487709045
flower (252.78097534179688, 11.588173866271973, -354.0587463378906) (0.0, 0.47857990860939026, 0.0, 0.7071067690849304) 0.9417514204978943
flower (253.12405395507812, 11.801074028015137, -367.5843505859375) (0.0, 0.32376381754875183, 0.0, 0.7071067690849304) 0.5363745093345642
flower (265.03741455078125, 12.211912155151367, -377.5082092285156) (0.0, 0.21537140011787415, 0.0, 0.7071067690849304) 0.8926097750663757
flower (254.9558868408203, 11.77778148651123, -361.5537414550781) (0.0, 0.4451049268245697, 0.0, 0.7071067690849304) 0.6105039715766907
flower (260.1280822753906, 12.080709457397461, -384.3603820800781) (0.0, 0.6934967041015625, 0.0, 0.7071067690849304) 1.234325885772705
flower (256.1225280761719, 11.7373046875, -357.90966796875) (0.0, 0.535154402256012, 0.0, 0.7071067690849304) 0.6485322713851929
flower (255.39210510253906, 11.900596618652344, -380.3769226074219) (0.0, 0.5802188515663147, 0.0, 0.7071067690849304) 0.6724984049797058
flower (252.42898559570312, 11.789700508117676, -369.6789855957031) (0.0, 0.25423088669776917, 0.0, 0.7071067690849304) 0.8022036552429199
flower (253.04266357421875, 11.653064727783203, -357.26104736328125) (0.0, 0.25864341855049133, 0.0, 0.7071067690849304) 0.5135910511016846
flower (255.920166015625, 11.94227123260498, -378.85186767578125) (0.0, 0.2551092207431793, 0.0, 0.7071067690849304) 1.110626220703125
flower (250.9545135498047, 11.550108909606934, -354.6218566894531) (0.0, 0.2262665331363678, 0.0, 0.7071067690849304) 0.6834712028503418
flower (250.47142028808594, 11.080198287963867, -389.3599548339844) (0.0, 0.2797461748123169, 0.0, 0.7071067690849304) 0.7287049889564514
flower (254.1252899169922, 11.12496566772461, -392.85638427734375) (0.0, 0.524357795715332, 0.0, 0.7071067690849304) 0.5426912307739258
flower (251.35009765625, 11.629724502563477, -381.09149169921875) (0.0, 0.2991209924221039, 0.0, 0.7071067690849304) 1.2111334800720215
flower (254.49386596679688, 11.89333724975586, -373.8546447753906) (0.0, 0.6471220850944519, 0.0, 0.7071067690849304) 0.5355976819992065
flower (260.329833984375, 12.064957618713379, -371.7615051269531) (0.0, 0.19982688128948212, 0.0, 0.7071067690849304) 1.1673818826675415
flower (260.0597229003906, 12.064492225646973, -372.253662109375) (0.0, 0.6597636938095093, 0.0, 0.7071067690849304) 0.6911861896514893
flower (256.0309143066406, 11.960221290588379, -375.85260009765625) (0.0, 0.1937590092420578, 0.0, 0.7071067690849304) 0.6200417280197144
flower (250.71937561035156, 11.716519355773926, -369.4576721191406) (0.0, 0.28751805424690247, 0.0, 0.7071067690849304) 0.8514360189437866
flower (260.51055908203125, 11.940156936645508, -363.9862060546875) (0.0, 0.305213063955307, 0.0, 0.7071067690849304) 0.5490565299987793
flower (263.3316345214844, 12.204794883728027, -380.2679748535156) (0.0, 0.04179256036877632, 0.0, 0.7071067690849304) 1.0643141269683838
flower (250.45310974121094, 11.706974983215332, -370.1634216308594) (0.0, 0.22195583581924438, 0.0, 0.7071067690849304) 1.1241430044174194
flower (265.5084228515625, 12.21778678894043, -377.1984558105469) (0.0, 0.38886672258377075, 0.0, 0.7071067690849304) 1.214552402496338
flower (267.6669921875, 12.227685928344727, -377.24359130859375) (0.0, 0.2322877198457718, 0.0, 0.7071067690849304) 0.9647050499916077
flower (262.59674072265625, 12.141711235046387, -374.1705322265625) (0.0, 0.15510335564613342, 0.0, 0.7071067690849304) 0.7167069315910339
flower (254.80091857910156, 11.755859375, -360.65521240234375) (0.0, 0.44866618514060974, 0.0, 0.7071067690849304) 0.9747692346572876
flower (265.9997863769531, 12.251627922058105, -384.44708251953125) (0.0, 0.1127200573682785, 0.0, 0.7071067690849304) 0.6789126396179199
flower (260.1275329589844, 12.114309310913086, -378.18426513671875) (0.0, 0.2129444181919098, 0.0, 0.7071067690849304) 1.0492010116577148
flower (256.7814025878906, 11.988936424255371, -375.03363037109375) (0.0, 0.3848443031311035, 0.0, 0.7071067690849304) 0.6482818126678467
flower (252.00640869140625, 11.700281143188477, -362.2239074707031) (0.0, 0.5944233536720276, 0.0, 0.7071067690849304) 0.6406856179237366
flower (262.10736083984375, 12.146512031555176, -375.6163635253906) (0.0, 0.04382530227303505, 0.0, 0.7071067690849304) 0.9940695762634277
flower (254.0496063232422, 11.782509803771973, -382.29595947265625) (0.0, 0.46977290511131287, 0.0, 0.7071067690849304) 1.172154188156128
flower (255.79261779785156, 11.941774368286133, -373.3787536621094) (0.0, 0.19773708283901215, 0.0, 0.7071067690849304) 0.6446741819381714
flower (257.0493469238281, 11.995831489562988, -378.97186279296875) (0.0, 0.6286032795906067, 0.0, 0.7071067690849304) 1.0343191623687744
flower (254.8238067626953, 11.83296012878418, -365.57440185546875) (0.0, 0.16909028589725494, 0.0, 0.7071067690849304) 0.9990639686584473
flower (257.3157958984375, 11.738804817199707, -389.24981689453125) (0.0, 0.18397116661071777, 0.0, 0.7071067690849304) 0.5312414765357971
flower (252.36839294433594, 11.722067832946777, -362.99383544921875) (0.0, 0.5393009781837463, 0.0, 0.7071067690849304) 1.2414722442626953
flower (253.90005493164062, 11.737010955810547, -360.9622802734375) (0.0, 0.578883171081543, 0.0, 0.7071067690849304) 1.231467604637146
flower (254.4767303466797, 11.645072937011719, -386.7554931640625) (0.0, 0.597541332244873, 0.0, 0.7071067690849304) 1.032710075378418
flower (252.91412353515625, 11.767070770263672, -365.02374267578125) (0.0, 0.17767424881458282, 0.0, 0.7071067690849304) 0.796181857585907
flower (255.22947692871094, 11.928986549377441, -375.1545715332031) (0.0, 0.5721315145492554, 0.0, 0.7071067690849304) 0.54776930809021
flower (251.8977508544922, 11.52836799621582, -384.8680725097656) (0.0, 0.03205857798457146, 0.0, 0.7071067690849304) 0.8256977796554565
flower (261.2794189453125, 12.152533531188965, -379.7599792480469) (0.0, 0.6411597728729248, 0.0, 0.7071067690849304) 1.2076886892318726
flower (255.51962280273438, 11.933005332946777, -377.80517578125) (0.0, 0.10963136702775955, 0.0, 0.7071067690849304) 1.23231840133667
flower (259.0998229980469, 11.985624313354492, -386.2979431152344) (0.0, 0.5637363195419312, 0.0, 0.7071067690849304) 0.660079836845398
flower (263.2528076171875, 12.06989574432373, -368.7676086425781) (0.0, 0.3718206584453583, 0.0, 0.7071067690849304) 0.9771280288696289
flower (254.87130737304688, 11.525420188903809, -389.2998046875) (0.0, 0.16008368134498596, 0.0, 0.7071067690849304) 0.7085050344467163
flower (251.15310668945312, 11.717863082885742, -376.02850341796875) (0.0, 0.299699991941452, 0.0, 0.7071067690849304) 0.8254482746124268
flower (263.0443115234375, 12.17253589630127, -376.4448547363281) (0.0, 0.636299192905426, 0.0, 0.7071067690849304) 1.194688320159912
flower (255.0184783935547, 11.531560897827148, -389.4219970703125) (0.0, 0.1142137423157692, 0.0, 0.7071067690849304) 1.0404260158538818
flower (264.49371337890625, 12.1520414352417, -372.88092041015625) (0.0, 0.34718382358551025, 0.0, 0.7071067690849304) 1.0500633716583252
flower (262.81231689453125, 12.194727897644043, -381.45294189453125) (0.0, 0.1330498456954956, 0.0, 0.7071067690849304) 0.816972017288208
flower (269.35943603515625, 12.263967514038086, -382.4354553222656) (0.0, 0.6301172971725464, 0.0, 0.7071067690849304) 1.2342474460601807
flower (265.0011291503906, 12.164548873901367, -373.2668762207031) (0.0, 0.01036281418055296, 0.0, 0.7071067690849304) 0.7603062391281128
flower (259.8952331542969, 11.567641258239746, -394.6713562011719) (0.0, 0.6263903975486755, 0.0, 0.7071067690849304) 0.8462034463882446
flower (262.1096496582031, 12.071089744567871, -388.7806396484375) (0.0, 0.0015275703044608235, 0.0, 0.7071067690849304) 0.8835886120796204
flower (263.66363525390625, 12.130105018615723, -389.074951171875) (0.0, 0.20946098864078522, 0.0, 0.7071067690849304) 0.5330539345741272
flower (262.3183288574219, 12.18221664428711, -380.0748596191406) (0.0, 0.35859769582748413, 0.0, 0.7071067690849304) 1.1717100143432617
flower (250.8037109375, 11.212215423583984, -388.2726745605469) (0.0, 0.02687637135386467, 0.0, 0.7071067690849304) 0.7986931204795837
flower (260.7655944824219, 12.125519752502441, -376.4996032714844) (0.0, 0.6893523931503296, 0.0, 0.7071067690849304) 0.7020506262779236
flower (257.5357666015625, 11.3499116897583, -394.3335876464844) (0.0, 0.31340277194976807, 0.0, 0.7071067690849304) 0.6000025868415833
flower (265.59228515625, 12.24767780303955, -382.0123596191406) (0.0, 0.3898243010044098, 0.0, 0.7071067690849304) 0.5417698621749878
flower (269.2734375, 12.26565933227539, -382.65643310546875) (0.0, 0.7006955742835999, 0.0, 0.7071067690849304) 0.6804858446121216
flower (261.2502136230469, 12.141393661499023, -376.9734191894531) (0.0, 0.33737480640411377, 0.0, 0.7071067690849304) 0.8845336437225342
flower (258.0999755859375, 12.001184463500977, -383.1750793457031) (0.0, 0.4803888499736786, 0.0, 0.7071067690849304) 0.932263970375061
flower (269.6499938964844, 11.808961868286133, -399.96026611328125) (0.0, 0.642805278301239, 0.0, 0.7071067690849304) 0.8761918544769287
flower (259.6923828125, 12.003684997558594, -368.5695495605469) (0.0, 0.2105247676372528, 0.0, 0.7071067690849304) 0.8075038194656372
flower (263.40093994140625, 12.17473316192627, -375.9691162109375) (0.0, 0.6378633975982666, 0.0, 0.7071067690849304) 0.5247877240180969
flower (255.61279296875, 11.392709732055664, -391.8399658203125) (0.0, 0.6940111517906189, 0.0, 0.7071067690849304) 0.9387545585632324
flower (259.7936096191406, 11.622182846069336, -393.9701843261719) (0.0, 0.5257001519203186, 0.0, 0.7071067690849304) 0.7144955396652222
flower (258.3821105957031, 12.027384757995605, -382.3801574707031) (0.0, 0.2585025429725647, 0.0, 0.7071067690849304) 1.06158447265625
flower (255.3921356201172, 11.732706069946289, -386.4320068359375) (0.0, 0.6649166941642761, 0.0, 0.7071067690849304) 0.7072880268096924
flower (251.26278686523438, 11.361992835998535, -386.8131103515625) (0.0, 0.28004008531570435, 0.0, 0.7071067690849304) 0.568878173828125
flower (257.2579040527344, 11.556585311889648, -391.8498229980469) (0.0, 0.284639835357666, 0.0, 0.7071067690849304) 1.1152182817459106
flower (263.29388427734375, 12.200852394104004, -384.17169189453125) (0.0, 0.48942840099334717, 0.0, 0.7071067690849304) 1.1757605075836182
flower (258.87774658203125, 12.060276985168457, -375.10479736328125) (0.0, 0.03826908394694328, 0.0, 0.7071067690849304) 1.2014070749282837
flower (265.01361083984375, 12.227688789367676, -379.1897888183594) (0.0, 0.6689375638961792, 0.0, 0.7071067690849304) 0.7598332762718201
flower (266.8704528808594, 12.238659858703613, -378.46490478515625) (0.0, 0.397700697183609, 0.0, 0.7071067690849304) 0.7110573053359985
flower (260.17950439453125, 12.096660614013672, -383.41253662109375) (0.0, 0.5133616924285889, 0.0, 0.7071067690849304) 1.029666543006897
flower (251.8697967529297, 11.053879737854004, -391.19158935546875) (0.0, 0.5378753542900085, 0.0, 0.7071067690849304) 0.6459383964538574
flower (258.6300354003906, 11.174333572387695, -396.8039855957031) (0.0, 0.592073917388916, 0.0, 0.7071067690849304) 0.6411165595054626
flower (254.88943481445312, 11.781377792358398, -384.2432861328125) (0.0, 0.1848997324705124, 0.0, 0.7071067690849304) 0.5807812213897705
flower (263.427978515625, 12.187891960144043, -377.2725830078125) (0.0, 0.4293522238731384, 0.0, 0.7071067690849304) 0.8950701951980591
flower (256.7674865722656, 11.937036514282227, -382.66754150390625) (0.0, 0.034709785133600235, 0.0, 0.7071067690849304) 1.0883710384368896
flower (252.39393615722656, 11.527844429016113, -385.6879577636719) (0.0, 0.369989812374115, 0.0, 0.7071067690849304) 0.5059782862663269
flower (259.2461242675781, 12.080060958862305, -381.170166015625) (0.0, 0.6536660194396973, 0.0, 0.7071067690849304) 0.9935894012451172
flower (270.761962890625, 12.253173828125, -381.2551574707031) (0.0, 0.372905433177948, 0.0, 0.7071067690849304) 0.5371798872947693
flower (258.90875244140625, 11.790607452392578, -390.5531311035156) (0.0, 0.5251017808914185, 0.0, 0.7071067690849304) 0.7493710517883301
flower (264.7013854980469, 11.188865661621094, -401.6551208496094) (0.0, 0.3310825526714325, 0.0, 0.7071067690849304) 0.919055700302124
flower (265.1651611328125, 12.240047454833984, -384.18255615234375) (0.0, 0.6906260251998901, 0.0, 0.7071067690849304) 1.1107903718948364
flower (257.4145812988281, 11.341897010803223, -394.2793884277344) (0.0, 0.10054855793714523, 0.0, 0.7071067690849304) 0.7166444063186646
flower (255.38735961914062, 11.591347694396973, -389.0042724609375) (0.0, 0.0890045315027237, 0.0, 0.7071067690849304) 1.0060452222824097
flower (254.40866088867188, 11.295900344848633, -391.5142517089844) (0.0, 0.46346619725227356, 0.0, 0.7071067690849304) 0.6706283092498779
flower (266.173095703125, 12.202627182006836, -375.4446105957031) (0.0, 0.6070154309272766, 0.0, 0.7071067690849304) 0.9397374391555786
flower (253.25733947753906, 11.79371452331543, -379.364013671875) (0.0, 0.5491335391998291, 0.0, 0.7071067690849304) 0.995590090751648
flower (267.000244140625, 12.256365776062012, -380.88006591796875) (0.0, 0.06060691550374031, 0.0, 0.7071067690849304) 0.7439807057380676
flower (265.0061950683594, 12.241715431213379, -382.6537780761719) (0.0, 0.3760283589363098, 0.0, 0.7071067690849304) 0.7872235774993896
flower (268.88421630859375, 12.26565933227539, -383.0456848144531) (0.0, 0.7025692462921143, 0.0, 0.7071067690849304) 1.0076385736465454
flower (250.4534149169922, 11.160382270812988, -388.4595031738281) (0.0, 0.6424920558929443, 0.0, 0.7071067690849304) 0.8245236873626709
flower (263.6629943847656, 12.000210762023926, -392.5771789550781) (0.0, 0.053521186113357544, 0.0, 0.7071067690849304) 1.2361676692962646
flower (252.28515625, 11.625972747802734, -383.3199462890625) (0.0, 0.12819604575634003, 0.0, 0.7071067690849304) 1.1289970874786377
flower (266.0881042480469, 12.247772216796875, -385.5445861816406) (0.0, 0.6143586039543152, 0.0, 0.7071067690849304) 1.125844120979309
flower (264.0760192871094, 12.17285442352295, -387.9684143066406) (0.0, 0.37220993638038635, 0.0, 0.7071067690849304) 0.5840359926223755
flower (259.0174560546875, 11.968117713928223, -386.7181396484375) (0.0, 0.491278737783432, 0.0, 0.7071067690849304) 1.2401249408721924
flower (258.29840087890625, 11.650543212890625, -391.9185485839844) (0.0, 0.09474114328622818, 0.0, 0.7071067690849304) 0.5327714681625366
flower (255.3971405029297, 11.448875427246094, -390.9649658203125) (0.0, 0.6525651812553406, 0.0, 0.7071067690849304) 0.9708141088485718
flower (257.2525634765625, 11.5796537399292, -391.5761413574219) (0.0, 0.5775927901268005, 0.0, 0.7071067690849304) 0.5397247076034546
flower (254.1324462890625, 11.745859146118164, -383.712646484375) (0.0, 0.6506480574607849, 0.0, 0.7071067690849304) 0.5505951642990112
flower (265.2900085449219, 12.215699195861816, -387.26544189453125) (0.0, 0.6660557985305786, 0.0, 0.7071067690849304) 0.7434842586517334
flower (264.290771484375, 12.127846717834473, -389.98883056640625) (0.0, 0.3177069127559662, 0.0, 0.7071067690849304) 0.6983342170715332
flower (262.4682312011719, 11.894502639770508, -393.2036437988281) (0.0, 0.6727061867713928, 0.0, 0.7071067690849304) 1.0593147277832031
flower (261.3035888671875, 11.485367774963379, -396.82025146484375) (0.0, 0.6486185193061829, 0.0, 0.7071067690849304) 1.2016987800598145
flower (261.34930419921875, 12.10702896118164, -385.93310546875) (0.0, 0.40633758902549744, 0.0, 0.7071067690849304) 0.6310975551605225
flower (259.53875732421875, 12.05433177947998, -384.3531188964844) (0.0, 0.09659323841333389, 0.0, 0.7071067690849304) 0.5022552013397217
flower (264.1213073730469, 12.029617309570312, -392.4418640136719) (0.0, 0.40514087677001953, 0.0, 0.7071067690849304) 1.105550765991211
flower (268.0401916503906, 12.251887321472168, -387.30450439453125) (0.0, 0.5363635420799255, 0.0, 0.7071067690849304) 0.5072121620178223
flower (268.2419128417969, 11.773723602294922, -399.5184631347656) (0.0, 0.6357249021530151, 0.0, 0.7071067690849304) 0.9266542196273804
flower (261.1372985839844, 11.391731262207031, -397.42547607421875) (0.0, 0.12044447660446167, 0.0, 0.7071067690849304) 0.5848945379257202
flower (257.4257507324219, 11.529189109802246, -392.4042053222656) (0.0, 0.38761258125305176, 0.0, 0.7071067690849304) 1.004342794418335
flower (259.2093505859375, 11.3776216506958, -395.76922607421875) (0.0, 0.5306995511054993, 0.0, 0.7071067690849304) 0.8321813344955444
flower (262.1906433105469, 12.014789581298828, -390.4839782714844) (0.0, 0.6603342890739441, 0.0, 0.7071067690849304) 0.5746465921401978
flower (265.3626708984375, 12.240289688110352, -384.74176025390625) (0.0, 0.4700268805027008, 0.0, 0.7071067690849304) 1.0105154514312744
flower (252.80877685546875, 11.33788013458252, -389.1646728515625) (0.0, 0.10305173695087433, 0.0, 0.7071067690849304) 0.5308756828308105
flower (264.70196533203125, 12.175463676452637, -388.7727966308594) (0.0, 0.26365652680397034, 0.0, 0.7071067690849304) 0.5777062177658081
flower (260.7673034667969, 11.70285415649414, -394.062744140625) (0.0, 0.21468254923820496, 0.0, 0.7071067690849304) 0.8366424441337585
flower (258.23004150390625, 11.720325469970703, -390.8023376464844) (0.0, 0.6064857840538025, 0.0, 0.7071067690849304) 0.6611930131912231
flower (253.31866455078125, 11.517921447753906, -387.2654724121094) (0.0, 0.3809162974357605, 0.0, 0.7071067690849304) 0.8989291191101074
flower (258.00018310546875, 12.03042221069336, -380.59417724609375) (0.0, 0.3916582763195038, 0.0, 0.7071067690849304) 0.5280048847198486
flower (255.53053283691406, 11.85205078125, -383.26507568359375) (0.0, 0.07882960885763168, 0.0, 0.7071067690849304) 1.23984956741333
flower (271.074951171875, 12.256842613220215, -383.2307434082031) (0.0, 0.5460532307624817, 0.0, 0.7071067690849304) 0.9326937794685364
flower (258.37164306640625, 11.637789726257324, -392.17889404296875) (0.0, 0.6057632565498352, 0.0, 0.7071067690849304) 1.0773978233337402
flower (269.7943115234375, 11.767997741699219, -400.6873474121094) (0.0, 0.1523568034172058, 0.0, 0.7071067690849304) 1.172693133354187
flower (261.0508728027344, 11.350643157958984, -397.6595764160156) (0.0, 0.5513517260551453, 0.0, 0.7071067690849304) 1.0238128900527954
flower (253.36927795410156, 11.348231315612793, -389.7358703613281) (0.0, 0.385606050491333, 0.0, 0.7071067690849304) 0.8884015083312988
flower (261.9234924316406, 11.950851440429688, -391.5392761230469) (0.0, 0.5912773609161377, 0.0, 0.7071067690849304) 1.184834361076355
flower (266.4762268066406, 11.767461776733398, -398.3720703125) (0.0, 5.8162650020676665e-06, 0.0, 0.7071067690849304) 1.114190697669983
flower (261.7095031738281, 11.427936553955078, -397.6336669921875) (0.0, 0.10528400540351868, 0.0, 0.7071067690849304) 1.0310485363006592
flower (250.3583984375, 10.540494918823242, -393.7694396972656) (0.0, 0.4724583327770233, 0.0, 0.7071067690849304) 1.1728020906448364
flower (257.85797119140625, 11.302484512329102, -395.1045227050781) (0.0, 0.2539089620113373, 0.0, 0.7071067690849304) 0.5711371898651123
flower (264.7952880859375, 12.101531028747559, -391.4046936035156) (0.0, 0.6267410516738892, 0.0, 0.7071067690849304) 0.886877715587616
flower (267.4129638671875, 11.720338821411133, -399.587158203125) (0.0, 0.4945426881313324, 0.0, 0.7071067690849304) 0.7316666841506958
flower (260.30169677734375, 11.608820915222168, -394.6646423339844) (0.0, 0.6875907778739929, 0.0, 0.7071067690849304) 0.7262637615203857
flower (252.32505798339844, 10.564918518066406, -395.2497863769531) (0.0, 0.3239463269710541, 0.0, 0.7071067690849304) 0.7703597545623779
flower (266.87310791015625, 11.412346839904785, -402.0091857910156) (0.0, 0.10466613620519638, 0.0, 0.7071067690849304) 0.824429452419281
