flower (-59.889076232910156, 29.01474380493164, 305.4231872558594) (0.0, 0.30347931385040283, 0.0, 0.7071067690849304) 1.1048150062561035
flower (-59.890567779541016, 29.536943435668945, 308.4099426269531) (0.0, 0.6865289211273193, 0.0, 0.7071067690849304) 0.9961228370666504
flower (-57.735801696777344, 29.352994918823242, 302.8547668457031) (0.0, 0.08829183131456375, 0.0, 0.7071067690849304) 0.8033608794212341
flower (-67.80731964111328, 28.83119010925293, 300.6201477050781) (0.0, 0.5194108486175537, 0.0, 0.7071067690849304) 0.6683619022369385
flower (-65.4028091430664, 28.757619857788086, 302.380859375) (0.0, 0.4445129334926605, 0.0, 0.7071067690849304) 0.7823816537857056
flower (-59.195457458496094, 29.375659942626953, 307.5589599609375) (0.0, 0.32862040400505066, 0.0, 0.7071067690849304) 0.8142004013061523
flower (-66.20097351074219, 28.523841857910156, 299.9433898925781) (0.0, 0.31703779101371765, 0.0, 0.7071067690849304) 0.6667874455451965
flower (-60.086666107177734, 29.678071975708008, 309.22479248046875) (0.0, 0.6858068704605103, 0.0, 0.7071067690849304) 1.2059545516967773
flower (-61.895729064941406, 28.404184341430664, 300.33319091796875) (0.0, 0.37927567958831787, 0.0, 0.7071067690849304) 1.222978115081787
flower (-59.87632369995117, 29.05536651611328, 305.7314758300781) (0.0, 0.11318552494049072, 0.0, 0.7071067690849304) 1.1960813999176025
flower (-55.30548095703125, 28.426509857177734, 292.9440002441406) (0.0, 0.43406498432159424, 0.0, 0.7071067690849304) 0.9957705736160278
flower (-61.454593658447266, 29.12751579284668, 306.2248229980469) (0.0, 0.2793307602405548, 0.0, 0.7071067690849304) 1.1097073554992676
flower (-62.30366134643555, 29.136281967163086, 306.09857177734375) (0.0, 0.2841408848762512, 0.0, 0.7071067690849304) 0.9578915238380432
flower (-53.70766067504883, 30.51498794555664, 311.8117980957031) (0.0, 0.46354249119758606, 0.0, 0.7071067690849304) 0.6893681287765503
flower (-54.24463653564453, 30.026569366455078, 309.35870361328125) (0.0, 0.456937313079834, 0.0, 0.7071067690849304) 0.9214445352554321
flower (-61.81341552734375, 29.002824783325195, 305.3583984375) (0.0, 0.2625468671321869, 0.0, 0.7071067690849304) 1.0729049444198608
flower (-55.16880798339844, 29.789278030395508, 308.4707946777344) (0.0, 0.4608420729637146, 0.0, 0.7071067690849304) 0.5463634133338928
flower (-58.40867614746094, 29.138517379760742, 304.0195007324219) (0.0, 0.056352272629737854, 0.0, 0.7071067690849304) 1.0881932973861694
flower (-55.07481002807617, 30.04344367980957, 309.9012451171875) (0.0, 0.4010663628578186, 0.0, 0.7071067690849304) 0.6696380376815796
flower (-58.314979553222656, 29.11819839477539, 305.4293518066406) (0.0, 0.5999549031257629, 0.0, 0.7071067690849304) 0.6280511617660522
flower (-65.77068328857422, 28.882131576538086, 303.2546691894531) (0.0, 0.43193319439888, 0.0, 0.7071067690849304) 0.7766156792640686
flower (-52.12175750732422, 30.728620529174805, 311.7278137207031) (0.0, 0.4046156406402588, 0.0, 0.7071067690849304) 0.8237935900688171
flower (-56.20908737182617, 30.014860153198242, 310.15216064453125) (0.0, 0.20342235267162323, 0.0, 0.7071067690849304) 0.6647940278053284
flower (-63.42995071411133, 28.992433547973633, 304.9522705078125) (0.0, 0.4138055145740509, 0.0, 0.7071067690849304) 0.7889028787612915
flower (-56.06955337524414, 29.533035278320312, 306.7266845703125) (0.0, 0.5598888993263245, 0.0, 0.7071067690849304) 0.740613579750061
flower (-56.83070373535156, 28.684112548828125, 295.1075439453125) (0.0, 0.6442717909812927, 0.0, 0.7071067690849304) 1.0784989595413208
flower (-56.21415328979492, 29.5955810546875, 304.8025817871094) (0.0, 0.135640949010849, 0.0, 0.7071067690849304) 0.9030790328979492
flower (-50.23992156982422, 31.5670108795166, 300.5753173828125) (0.0, 0.02353825606405735, 0.0, 0.7071067690849304) 1.1799235343933105
flower (-60.30702590942383, 29.737234115600586, 309.6127014160156) (0.0, 0.041724368929862976, 0.0, 0.7071067690849304) 0.6479496955871582
flower (-56.55777359008789, 28.972393035888672, 296.82122802734375) (0.0, 0.40135085582733154, 0.0, 0.7071067690849304) 1.0507259368896484
flower (-62.55918884277344, 28.765850067138672, 303.61993408203125) (0.0, 0.5559872388839722, 0.0, 0.7071067690849304) 0.5647567510604858
flower (-61.603782653808594, 28.526657104492188, 301.523193359375) (0.0, 0.3596171438694, 0.0, 0.7071067690849304) 1.071710228919983
flower (-64.54158020019531, 28.94489097595215, 304.2155456542969) (0.0, 0.2627941966056824, 0.0, 0.7071067690849304) 0.5879263877868652
flower (-60.42939376831055, 29.65727996826172, 309.1261901855469) (0.0, 0.2113727629184723, 0.0, 0.7071067690849304) 1.1633052825927734
flower (-62.50202560424805, 28.851133346557617, 304.24761962890625) (0.0, 0.4034781754016876, 0.0, 0.7071067690849304) 0.6294950842857361
flower (-60.85407638549805, 28.947467803955078, 305.035888671875) (0.0, 0.5483046174049377, 0.0, 0.7071067690849304) 0.6254483461380005
flower (-50.55779266357422, 30.978342056274414, 304.5287780761719) (0.0, 0.025077879428863525, 0.0, 0.7071067690849304) 1.183929443359375
flower (-49.60042190551758, 31.78336524963379, 301.8062744140625) (0.0, 0.04558249190449715, 0.0, 0.7071067690849304) 0.5019110441207886
flower (-59.88174819946289, 29.772232055664062, 309.74566650390625) (0.0, 0.20281754434108734, 0.0, 0.7071067690849304) 0.9202021360397339
flower (-66.708984375, 28.951934814453125, 303.1746826171875) (0.0, 0.26533928513526917, 0.0, 0.7071067690849304) 0.7557624578475952
flower (-53.53092956542969, 30.47793197631836, 311.4044189453125) (0.0, 0.5534440875053406, 0.0, 0.7071067690849304) 1.1068806648254395
flower (-65.34564208984375, 28.625028610229492, 301.31536865234375) (0.0, 0.2688487470149994, 0.0, 0.7071067690849304) 1.233352780342102
flower (-54.547786712646484, 30.28543472290039, 310.9123229980469) (0.0, 0.21284908056259155, 0.0, 0.7071067690849304) 0.5751752853393555
flower (-54.179786682128906, 29.970661163330078, 305.38409423828125) (0.0, 0.49375420808792114, 0.0, 0.7071067690849304) 0.9276148080825806
flower (-53.89207458496094, 30.399497985839844, 311.1786193847656) (0.0, 0.6774260401725769, 0.0, 0.7071067690849304) 0.9112943410873413
flower (-66.10637664794922, 29.1436824798584, 304.4702453613281) (0.0, 0.2246088981628418, 0.0, 0.7071067690849304) 1.1200608015060425
flower (-60.135902404785156, 29.52958106994629, 308.3511047363281) (0.0, 0.20541860163211823, 0.0, 0.7071067690849304) 1.1150621175765991
flower (-56.639610290527344, 29.449079513549805, 305.2939147949219) (0.0, 0.4173038601875305, 0.0, 0.7071067690849304) 1.0264708995819092
flower (-56.48749923706055, 29.442834854125977, 305.5972595214844) (0.0, 0.45917651057243347, 0.0, 0.7071067690849304) 1.0160902738571167
flower (-48.45279312133789, 31.716218948364258, 313.8054504394531) (0.0, 0.2770540714263916, 0.0, 0.7071067690849304) 1.1813524961471558
flower (-60.154197692871094, 29.680648803710938, 309.2471923828125) (0.0, 0.11624791473150253, 0.0, 0.7071067690849304) 0.620059072971344
flower (-61.087249755859375, 29.080509185791016, 305.9556579589844) (0.0, 0.5909515619277954, 0.0, 0.7071067690849304) 0.8276491761207581
flower (-61.776458740234375, 29.154537200927734, 306.3365783691406) (0.0, 0.5213735103607178, 0.0, 0.7071067690849304) 0.9737310409545898
flower (-61.79893112182617, 29.093664169311523, 305.9597473144531) (0.0, 0.4169155955314636, 0.0, 0.7071067690849304) 0.6145642995834351
flower (-53.762672424316406, 31.094682693481445, 314.83489990234375) (0.0, 0.3367871940135956, 0.0, 0.7071067690849304) 1.219947099685669
flower (-60.48923873901367, 29.948396682739258, 310.8382873535156) (0.0, 0.009544068947434425, 0.0, 0.7071067690849304) 1.012777328491211
flower (-64.03994750976562, 29.44509506225586, 307.22845458984375) (0.0, 0.523425817489624, 0.0, 0.7071067690849304) 0.7609883546829224
flower (-55.818260192871094, 30.133617401123047, 310.70465087890625) (0.0, 0.2528127133846283, 0.0, 0.7071067690849304) 0.8422139883041382
flower (-63.53324508666992, 29.630678176879883, 308.3349609375) (0.0, 0.2819942831993103, 0.0, 0.7071067690849304) 1.0760700702667236
flower (-62.8917236328125, 29.444673538208008, 307.6316223144531) (0.0, 0.615546703338623, 0.0, 0.7071067690849304) 1.1132019758224487
flower (-49.423336029052734, 31.423940658569336, 313.2212219238281) (0.0, 0.5185391306877136, 0.0, 0.7071067690849304) 0.9754242300987244
flower (-53.946136474609375, 30.666404724121094, 312.73712158203125) (0.0, 0.6313482522964478, 0.0, 0.7071067690849304) 0.9435266852378845
flower (-54.01945114135742, 30.8104248046875, 313.441162109375) (0.0, 0.430431604385376, 0.0, 0.7071067690849304) 0.6948168277740479
flower (-50.827144622802734, 31.251415252685547, 313.7200622558594) (0.0, 0.42867305874824524, 0.0, 0.7071067690849304) 1.0540941953659058
flower (-57.58803939819336, 30.362960815429688, 312.79693603515625) (0.0, 0.2032967507839203, 0.0, 0.7071067690849304) 1.175949215888977
