flower (255.07199096679688, 9.458189964294434, -232.17555236816406) (0.0, 0.029540641233325005, 0.0, 0.7071067690849304) 1.2393808364868164
flower (255.98875427246094, 8.385456085205078, -239.594970703125) (0.0, 0.6897748708724976, 0.0, 0.7071067690849304) 1.067693829536438
flower (256.6962890625, 10.22825813293457, -228.7360382080078) (0.0, 0.48499491810798645, 0.0, 0.7071067690849304) 0.5751914381980896
flower (254.36180114746094, 9.097951889038086, -234.2271728515625) (0.0, 0.4458897113800049, 0.0, 0.7071067690849304) 1.0501644611358643
flower (254.0415496826172, 9.89306354522705, -230.56527709960938) (0.0, 0.28227928280830383, 0.0, 0.7071067690849304) 0.6630569696426392
flower (253.55401611328125, 10.339783668518066, -226.52337646484375) (0.0, 0.20780789852142334, 0.0, 0.7071067690849304) 0.9163093566894531
flower (257.4322814941406, 8.755729675292969, -237.40872192382812) (0.0, 0.023367729038000107, 0.0, 0.7071067690849304) 1.125348448753357
flower (252.40567016601562, 8.24791145324707, -240.74375915527344) (0.0, 0.5107761025428772, 0.0, 0.7071067690849304) 0.820111870765686
flower (251.83299255371094, 8.223791122436523, -241.33279418945312) (0.0, 0.37287020683288574, 0.0, 0.7071067690849304) 1.2160362005233765
flower (256.4759216308594, 8.690295219421387, -236.90357971191406) (0.0, 0.14951854944229126, 0.0, 0.7071067690849304) 0.5495918989181519
flower (314.6586608886719, 10.533050537109375, -208.33578491210938) (0.0, 0.07688377052545547, 0.0, 0.7071067690849304) 0.8459784984588623
flower (258.69207763671875, 10.165943145751953, -229.64468383789062) (0.0, 0.08761284500360489, 0.0, 0.7071067690849304) 1.0580675601959229
flower (252.72100830078125, 8.559410095214844, -237.3792266845703) (0.0, 0.08183257281780243, 0.0, 0.7071067690849304) 0.7937349081039429
flower (252.80686950683594, 10.107908248901367, -228.86163330078125) (0.0, 0.15234407782554626, 0.0, 0.7071067690849304) 0.6027376651763916
flower (250.8488311767578, 9.832673072814941, -226.8837432861328) (0.0, 0.5758306384086609, 0.0, 0.7071067690849304) 0.7283405661582947
flower (257.2794494628906, 8.296516418457031, -240.93521118164062) (0.0, 0.6562233567237854, 0.0, 0.7071067690849304) 0.7654150724411011
flower (257.7230224609375, 8.48808765411377, -239.02931213378906) (0.0, 0.10449527204036713, 0.0, 0.7071067690849304) 0.7975112199783325
flower (254.93997192382812, 10.190176963806152, -229.03392028808594) (0.0, 0.05828521400690079, 0.0, 0.7071067690849304) 0.5957146883010864
flower (253.22317504882812, 10.035144805908203, -230.33973693847656) (0.0, 0.1518298089504242, 0.0, 0.7071067690849304) 1.0237812995910645
flower (258.5771179199219, 8.821922302246094, -237.61380004882812) (0.0, 0.3443613350391388, 0.0, 0.7071067690849304) 1.0239509344100952
flower (259.0230712890625, 8.558759689331055, -238.79129028320312) (0.0, 0.49718064069747925, 0.0, 0.7071067690849304) 0.6167674660682678
flower (251.93495178222656, 9.92210578918457, -230.11976623535156) (0.0, 0.42114269733428955, 0.0, 0.7071067690849304) 0.7799556255340576
flower (252.21559143066406, 8.221223831176758, -241.74105834960938) (0.0, 0.21799901127815247, 0.0, 0.7071067690849304) 1.1367952823638916
flower (311.5502014160156, 11.03876781463623, -213.6324005126953) (0.0, 0.6141465902328491, 0.0, 0.7071067690849304) 0.7972207069396973
flower (253.6522979736328, 8.513808250427246, -237.53494262695312) (0.0, 0.5139516592025757, 0.0, 0.7071067690849304) 0.9113370180130005
flower (255.63681030273438, 8.27938175201416, -240.98486328125) (0.0, 0.6611793637275696, 0.0, 0.7071067690849304) 0.7531234622001648
flower (252.15933227539062, 8.499640464782715, -237.9501190185547) (0.0, 0.6585051417350769, 0.0, 0.7071067690849304) 0.5106824636459351
flower (252.7126007080078, 8.206260681152344, -243.03468322753906) (0.0, 0.48911407589912415, 0.0, 0.7071067690849304) 0.7461031675338745
flower (252.26229858398438, 10.015527725219727, -230.46424865722656) (0.0, 0.343852698802948, 0.0, 0.7071067690849304) 0.9331501126289368
flower (258.54876708984375, 8.59337043762207, -238.63882446289062) (0.0, 0.21644707024097443, 0.0, 0.7071067690849304) 0.8278108835220337
flower (254.66197204589844, 8.52285099029541, -237.7514190673828) (0.0, 0.6740167140960693, 0.0, 0.7071067690849304) 1.1857023239135742
flower (260.21087646484375, 10.074209213256836, -231.18698120117188) (0.0, 0.5211935043334961, 0.0, 0.7071067690849304) 0.5651874542236328
flower (256.4271545410156, 8.4783935546875, -238.77247619628906) (0.0, 0.6104293465614319, 0.0, 0.7071067690849304) 0.6642919182777405
flower (252.70140075683594, 10.006410598754883, -230.94284057617188) (0.0, 0.32169365882873535, 0.0, 0.7071067690849304) 0.9790480136871338
flower (254.07081604003906, 8.418334007263184, -238.6597137451172) (0.0, 0.6634398698806763, 0.0, 0.7071067690849304) 0.8513375520706177
flower (257.95782470703125, 8.51931095123291, -238.93624877929688) (0.0, 0.052206624299287796, 0.0, 0.7071067690849304) 0.596569299697876
flower (252.83518981933594, 9.995378494262695, -230.96328735351562) (0.0, 0.1339062601327896, 0.0, 0.7071067690849304) 0.7108381986618042
flower (252.62767028808594, 9.959940910339355, -231.31314086914062) (0.0, 0.10922962427139282, 0.0, 0.7071067690849304) 0.6249321699142456
flower (251.61940002441406, 8.386462211608887, -238.85235595703125) (0.0, 0.09384644776582718, 0.0, 0.7071067690849304) 0.7776856422424316
flower (263.33343505859375, 9.893299102783203, -232.50257873535156) (0.0, 0.5500256419181824, 0.0, 0.7071067690849304) 0.8040847778320312
flower (255.44947814941406, 8.614489555358887, -237.21054077148438) (0.0, 0.2746659517288208, 0.0, 0.7071067690849304) 1.2336400747299194
flower (255.4822540283203, 8.64500904083252, -236.97674560546875) (0.0, 0.08418361097574234, 0.0, 0.7071067690849304) 1.1618105173110962
flower (256.7152404785156, 9.298724174499512, -233.15658569335938) (0.0, 0.5991790890693665, 0.0, 0.7071067690849304) 0.957460880279541
flower (314.8508605957031, 10.738327980041504, -211.13824462890625) (0.0, 0.6617097854614258, 0.0, 0.7071067690849304) 0.8856924772262573
flower (253.0006103515625, 9.863856315612793, -231.5758514404297) (0.0, 0.4516862630844116, 0.0, 0.7071067690849304) 0.8996646404266357
flower (259.3120422363281, 10.12958812713623, -230.3870086669922) (0.0, 0.2700915038585663, 0.0, 0.7071067690849304) 0.5165460109710693
flower (252.59864807128906, 10.057310104370117, -229.4865264892578) (0.0, 0.05867759883403778, 0.0, 0.7071067690849304) 1.1336824893951416
flower (256.8402099609375, 8.973552703857422, -235.08978271484375) (0.0, 0.6125146746635437, 0.0, 0.7071067690849304) 0.7459490895271301
flower (252.6549072265625, 8.418266296386719, -238.28756713867188) (0.0, 0.6252124309539795, 0.0, 0.7071067690849304) 0.7417283058166504
flower (254.6862335205078, 8.706192970275879, -236.25680541992188) (0.0, 0.45141077041625977, 0.0, 0.7071067690849304) 0.7188487648963928
flower (258.40960693359375, 8.375447273254395, -239.9131622314453) (0.0, 0.41976025700569153, 0.0, 0.7071067690849304) 0.5306860208511353
flower (257.77740478515625, 9.75737476348877, -231.2284698486328) (0.0, 0.5839750170707703, 0.0, 0.7071067690849304) 0.7151898741722107
