flower (-304.6072692871094, 7.8948655128479, -314.7395324707031) (0.0, 0.07378733158111572, 0.0, 0.7071067690849304) 0.9385777711868286
flower (-307.62957763671875, 7.8948655128479, -302.0191650390625) (0.0, 0.23722884058952332, 0.0, 0.7071067690849304) 1.2258714437484741
flower (-309.6500549316406, 7.890134811401367, -315.7233581542969) (0.0, 0.42127636075019836, 0.0, 0.7071067690849304) 0.7545907497406006
flower (-270.8106689453125, 7.8948655128479, -354.5150146484375) (0.0, 0.15040810406208038, 0.0, 0.7071067690849304) 0.6098170280456543
flower (-300.6943359375, 7.8948655128479, -286.4219055175781) (0.0, 0.6075455546379089, 0.0, 0.7071067690849304) 1.219905138015747
flower (-310.776123046875, 7.8948655128479, -309.272216796875) (0.0, 0.13661740720272064, 0.0, 0.7071067690849304) 1.0592257976531982
flower (-314.9653015136719, 7.865935802459717, -318.8473815917969) (0.0, 0.08677428960800171, 0.0, 0.7071067690849304) 1.2285194396972656
flower (-301.31842041015625, 7.8948655128479, -319.3974609375) (0.0, 0.40824735164642334, 0.0, 0.7071067690849304) 0.9612185955047607
flower (-269.8865051269531, 7.8948655128479, -352.8669128417969) (0.0, 0.08122178167104721, 0.0, 0.7071067690849304) 1.1313657760620117
flower (-306.2781677246094, 7.890936374664307, -320.45452880859375) (0.0, 0.5195356011390686, 0.0, 0.7071067690849304) 0.6189390420913696
flower (-306.5665283203125, 7.8948655128479, -306.8836364746094) (0.0, 0.2382693588733673, 0.0, 0.7071067690849304) 0.6787592172622681
flower (-318.3738708496094, 7.828260898590088, -319.0494079589844) (0.0, 0.3798764646053314, 0.0, 0.7071067690849304) 1.247979760169983
flower (-302.9184875488281, 7.8948655128479, -304.2264404296875) (0.0, 0.48148903250694275, 0.0, 0.7071067690849304) 0.6467559933662415
flower (-317.11016845703125, 7.863207817077637, -315.23309326171875) (0.0, 0.13764554262161255, 0.0, 0.7071067690849304) 0.8322759866714478
flower (-314.2758483886719, 7.890134811401367, -309.084228515625) (0.0, 0.584632933139801, 0.0, 0.7071067690849304) 0.5379846096038818
flower (-299.7043151855469, 7.8948655128479, -285.6133117675781) (0.0, 0.03494412079453468, 0.0, 0.7071067690849304) 0.7359446287155151
flower (-312.1126403808594, 7.880674362182617, -319.4469909667969) (0.0, 0.03312034159898758, 0.0, 0.7071067690849304) 0.5212713479995728
flower (-315.9503479003906, 7.893056869506836, -301.4257507324219) (0.0, 0.6761234402656555, 0.0, 0.7071067690849304) 1.011260986328125
flower (-275.6021728515625, 7.890134811401367, -360.3198547363281) (0.0, 0.6435801982879639, 0.0, 0.7071067690849304) 1.0450718402862549
flower (-309.1667175292969, 7.8948655128479, -309.3370056152344) (0.0, 0.5974962115287781, 0.0, 0.7071067690849304) 0.7042321562767029
flower (-302.8404846191406, 7.8948655128479, -318.57843017578125) (0.0, 0.3023039996623993, 0.0, 0.7071067690849304) 1.185051441192627
flower (-283.5805358886719, 7.860506057739258, -360.7924499511719) (0.0, 0.1794922947883606, 0.0, 0.7071067690849304) 1.105127215385437
flower (-306.52886962890625, 7.8948655128479, -306.28985595703125) (0.0, 0.20200175046920776, 0.0, 0.7071067690849304) 1.0299420356750488
flower (-305.72967529296875, 7.8948655128479, -315.3299255371094) (0.0, 0.04517804831266403, 0.0, 0.7071067690849304) 1.051025629043579
flower (-314.4441223144531, 7.888064384460449, -310.4934997558594) (0.0, 0.42895838618278503, 0.0, 0.7071067690849304) 0.8868098258972168
flower (-310.7513122558594, 7.876287937164307, -322.9532165527344) (0.0, 0.475970596075058, 0.0, 0.7071067690849304) 1.2134404182434082
flower (-255.97250366210938, 7.8948655128479, -354.2763671875) (0.0, 0.4463145434856415, 0.0, 0.7071067690849304) 1.0240347385406494
flower (-306.4785461425781, 7.8948655128479, -300.9479064941406) (0.0, 0.42050299048423767, 0.0, 0.7071067690849304) 0.8838121891021729
flower (-305.6708068847656, 7.8948655128479, -312.8096008300781) (0.0, 0.2976827621459961, 0.0, 0.7071067690849304) 0.7679611444473267
flower (-318.5077819824219, 7.836875915527344, -317.734375) (0.0, 0.41286933422088623, 0.0, 0.7071067690849304) 0.9231917858123779
flower (-309.09271240234375, 7.8948655128479, -310.9293518066406) (0.0, 0.6522753238677979, 0.0, 0.7071067690849304) 0.7948046326637268
flower (-305.7701110839844, 7.8948655128479, -304.1134338378906) (0.0, 0.5392395257949829, 0.0, 0.7071067690849304) 1.0229625701904297
flower (-271.2193603515625, 7.890134811401367, -362.28424072265625) (0.0, 0.6838862895965576, 0.0, 0.7071067690849304) 1.1267950534820557
flower (-318.2391052246094, 7.889794826507568, -301.6477355957031) (0.0, 0.5320054292678833, 0.0, 0.7071067690849304) 0.5261669158935547
flower (-304.1907653808594, 7.8948655128479, -291.7186584472656) (0.0, 0.22767288982868195, 0.0, 0.7071067690849304) 0.6904163360595703
flower (-306.2048034667969, 7.890134811401367, -322.482177734375) (0.0, 0.4485085606575012, 0.0, 0.7071067690849304) 0.7058984041213989
flower (-306.1362609863281, 7.890134811401367, -321.4019470214844) (0.0, 0.6663483381271362, 0.0, 0.7071067690849304) 0.7579968571662903
flower (-264.3700256347656, 7.8948655128479, -355.356201171875) (0.0, 0.4100533425807953, 0.0, 0.7071067690849304) 0.5083574056625366
flower (-307.30218505859375, 7.8948655128479, -302.0882568359375) (0.0, 0.4296450614929199, 0.0, 0.7071067690849304) 1.1168782711029053
flower (-309.84747314453125, 7.8948655128479, -311.5086975097656) (0.0, 0.16502226889133453, 0.0, 0.7071067690849304) 1.088483214378357
flower (-262.5762939453125, 7.8948655128479, -350.9678955078125) (0.0, 0.6033278107643127, 0.0, 0.7071067690849304) 1.0261561870574951
flower (-270.4603576660156, 7.890134811401367, -363.8372497558594) (0.0, 0.4061361253261566, 0.0, 0.7071067690849304) 0.9215471744537354
flower (-318.2187194824219, 7.86581563949585, -312.89141845703125) (0.0, 0.3789266347885132, 0.0, 0.7071067690849304) 0.6677085161209106
flower (-305.4700012207031, 7.8948655128479, -311.3270263671875) (0.0, 0.45129477977752686, 0.0, 0.7071067690849304) 1.1197383403778076
flower (-302.0590515136719, 7.8948655128479, -314.7707824707031) (0.0, 0.3087076246738434, 0.0, 0.7071067690849304) 0.9297993183135986
flower (-312.35443115234375, 7.8948655128479, -303.5137634277344) (0.0, 0.18402644991874695, 0.0, 0.7071067690849304) 0.6171866059303284
flower (-303.2261047363281, 7.8948655128479, -296.97125244140625) (0.0, 0.09516184777021408, 0.0, 0.7071067690849304) 0.8726040720939636
flower (-270.02996826171875, 7.8948655128479, -350.2989501953125) (0.0, 0.5981874465942383, 0.0, 0.7071067690849304) 0.9944992065429688
flower (-308.1768798828125, 7.8948655128479, -307.17071533203125) (0.0, 0.02209051139652729, 0.0, 0.7071067690849304) 0.8323723077774048
flower (-308.8286437988281, 7.8948655128479, -314.9803161621094) (0.0, 0.28955304622650146, 0.0, 0.7071067690849304) 1.2246389389038086
flower (-271.1556091308594, 7.8948655128479, -352.837158203125) (0.0, 0.43947023153305054, 0.0, 0.7071067690849304) 1.1271106004714966
flower (-308.7983093261719, 7.885404586791992, -322.9931640625) (0.0, 0.5660677552223206, 0.0, 0.7071067690849304) 0.6628088355064392
flower (-304.9584655761719, 7.8948655128479, -315.8714904785156) (0.0, 0.3973735570907593, 0.0, 0.7071067690849304) 0.6165516376495361
flower (-263.5232238769531, 7.8948655128479, -354.2745056152344) (0.0, 0.5155060887336731, 0.0, 0.7071067690849304) 0.6472033262252808
flower (-319.9145202636719, 7.809252738952637, -318.7353210449219) (0.0, 0.4008937478065491, 0.0, 0.7071067690849304) 0.6131829619407654
flower (-313.1927795410156, 7.890134811401367, -311.4131774902344) (0.0, 0.31366536021232605, 0.0, 0.7071067690849304) 0.5753686428070068
flower (-268.9602355957031, 7.8948655128479, -349.5400085449219) (0.0, 0.40769556164741516, 0.0, 0.7071067690849304) 1.215567708015442
flower (-313.4315490722656, 7.884357929229736, -314.9872741699219) (0.0, 0.007919392548501492, 0.0, 0.7071067690849304) 0.7055732607841492
flower (-318.9251403808594, 7.878585338592529, -306.9421691894531) (0.0, 0.6267179846763611, 0.0, 0.7071067690849304) 1.0009996891021729
flower (-314.75872802734375, 7.8948655128479, -301.0824890136719) (0.0, 0.6691504120826721, 0.0, 0.7071067690849304) 1.1702401638031006
flower (-312.2066345214844, 7.877202033996582, -320.6825866699219) (0.0, 0.5343506336212158, 0.0, 0.7071067690849304) 1.2400873899459839
flower (-303.459716796875, 7.8948655128479, -321.5951843261719) (0.0, 0.5562966465950012, 0.0, 0.7071067690849304) 0.6449857950210571
flower (-265.564208984375, 7.8948655128479, -354.7572937011719) (0.0, 0.44593825936317444, 0.0, 0.7071067690849304) 0.9610857963562012
flower (-300.13311767578125, 7.8948655128479, -286.3500061035156) (0.0, 0.09376636892557144, 0.0, 0.7071067690849304) 1.163057804107666
flower (-301.8816833496094, 7.8948655128479, -289.6189880371094) (0.0, 0.14810384809970856, 0.0, 0.7071067690849304) 1.0652713775634766
flower (-306.2731628417969, 7.8948655128479, -302.2716064453125) (0.0, 0.15570883452892303, 0.0, 0.7071067690849304) 0.8123775720596313
flower (-257.11578369140625, 7.8948655128479, -352.88916015625) (0.0, 0.1892966628074646, 0.0, 0.7071067690849304) 0.9782438278198242
flower (-313.9429626464844, 7.865781784057617, -320.4252624511719) (0.0, 0.05061010271310806, 0.0, 0.7071067690849304) 0.9365947842597961
flower (-271.12127685546875, 7.8948655128479, -352.7308654785156) (0.0, 0.04330908879637718, 0.0, 0.7071067690849304) 0.9656974077224731
flower (-272.5885009765625, 7.890134811401367, -361.7455749511719) (0.0, 0.01619265042245388, 0.0, 0.7071067690849304) 1.1613250970840454
flower (-303.30389404296875, 7.8948655128479, -319.95416259765625) (0.0, 0.21955499053001404, 0.0, 0.7071067690849304) 0.5132430791854858
flower (-313.89654541015625, 7.871213912963867, -318.8570556640625) (0.0, 0.39966076612472534, 0.0, 0.7071067690849304) 0.6341750621795654
flower (-305.09735107421875, 7.8948655128479, -319.52789306640625) (0.0, 0.18792234361171722, 0.0, 0.7071067690849304) 0.552696943283081
flower (-314.3217468261719, 7.870999813079834, -318.86505126953125) (0.0, 0.3220824897289276, 0.0, 0.7071067690849304) 0.5702769160270691
flower (-309.6128845214844, 7.8948655128479, -307.27392578125) (0.0, 0.31894373893737793, 0.0, 0.7071067690849304) 0.8761858940124512
flower (-306.29180908203125, 7.8948655128479, -314.6499328613281) (0.0, 0.04185350611805916, 0.0, 0.7071067690849304) 0.6739562749862671
flower (-311.795166015625, 7.878724098205566, -320.8759460449219) (0.0, 0.6196516156196594, 0.0, 0.7071067690849304) 1.1339634656906128
flower (-266.7235107421875, 7.8948655128479, -354.65643310546875) (0.0, 0.4511041045188904, 0.0, 0.7071067690849304) 0.6611469388008118
flower (-301.8140869140625, 7.8948655128479, -287.5456848144531) (0.0, 0.6515496969223022, 0.0, 0.7071067690849304) 1.168414831161499
flower (-315.2900390625, 7.894726276397705, -302.8587951660156) (0.0, 0.5533705949783325, 0.0, 0.7071067690849304) 1.186653733253479
flower (-271.4402770996094, 7.8948655128479, -358.6885986328125) (0.0, 0.04312987998127937, 0.0, 0.7071067690849304) 1.2320855855941772
flower (-301.71405029296875, 7.8948655128479, -316.89501953125) (0.0, 0.431694895029068, 0.0, 0.7071067690849304) 0.5049315094947815
flower (-265.9366760253906, 7.8948655128479, -350.79986572265625) (0.0, 0.30518633127212524, 0.0, 0.7071067690849304) 0.9864143133163452
flower (-305.7875671386719, 7.890134811401367, -322.2089538574219) (0.0, 0.0025750037748366594, 0.0, 0.7071067690849304) 0.6603270769119263
flower (-299.9639587402344, 7.8948655128479, -316.34710693359375) (0.0, 0.0971376970410347, 0.0, 0.7071067690849304) 1.1336696147918701
flower (-300.12451171875, 7.8948655128479, -290.85333251953125) (0.0, 0.427627831697464, 0.0, 0.7071067690849304) 1.0670839548110962
flower (-287.5886535644531, 7.844149589538574, -359.42034912109375) (0.0, 0.6570379137992859, 0.0, 0.7071067690849304) 0.8766791820526123
flower (-314.7265319824219, 7.885404586791992, -311.2235107421875) (0.0, 0.28263795375823975, 0.0, 0.7071067690849304) 1.0318114757537842
flower (-302.8703308105469, 7.8948655128479, -307.4865417480469) (0.0, 0.07383225858211517, 0.0, 0.7071067690849304) 1.1933865547180176
flower (-302.4866638183594, 7.8948655128479, -285.8724060058594) (0.0, 0.02846555970609188, 0.0, 0.7071067690849304) 0.7478111982345581
flower (-303.0336608886719, 7.8948655128479, -291.0119934082031) (0.0, 0.48329731822013855, 0.0, 0.7071067690849304) 0.638816237449646
flower (-313.4671936035156, 7.890134811401367, -308.5810241699219) (0.0, 0.5320630073547363, 0.0, 0.7071067690849304) 0.8459345102310181
flower (-270.0507507324219, 7.8948655128479, -350.4083557128906) (0.0, 0.5606957674026489, 0.0, 0.7071067690849304) 0.6896230578422546
flower (-298.24102783203125, 7.8948655128479, -285.2237548828125) (0.0, 0.5774816274642944, 0.0, 0.7071067690849304) 0.8470262289047241
flower (-301.052734375, 7.8948655128479, -288.00262451171875) (0.0, 0.6196861863136292, 0.0, 0.7071067690849304) 0.9871079325675964
flower (-307.44232177734375, 7.8948655128479, -287.857666015625) (0.0, 0.13718681037425995, 0.0, 0.7071067690849304) 0.8581124544143677
flower (-307.2782287597656, 7.890134811401367, -320.0349426269531) (0.0, 0.07779204100370407, 0.0, 0.7071067690849304) 1.1838934421539307
flower (-304.1032409667969, 7.8948655128479, -320.485107421875) (0.0, 0.5152591466903687, 0.0, 0.7071067690849304) 0.6169611215591431
flower (-305.4595642089844, 7.8948655128479, -316.56634521484375) (0.0, 0.08787617832422256, 0.0, 0.7071067690849304) 1.1758861541748047
flower (-301.3119201660156, 7.8948655128479, -315.1353454589844) (0.0, 0.5095141530036926, 0.0, 0.7071067690849304) 1.0832023620605469
flower (-306.7383117675781, 7.8948655128479, -300.4556884765625) (0.0, 0.636059582233429, 0.0, 0.7071067690849304) 0.5746768116950989
flower (-310.3349304199219, 7.8948655128479, -310.9999694824219) (0.0, 0.5881531834602356, 0.0, 0.7071067690849304) 0.6777136921882629
flower (-274.10693359375, 7.8948655128479, -358.5351867675781) (0.0, 0.6234829425811768, 0.0, 0.7071067690849304) 0.9952266216278076
flower (-315.799072265625, 7.8945231437683105, -301.37432861328125) (0.0, 0.6858022809028625, 0.0, 0.7071067690849304) 1.0721409320831299
flower (-304.4771423339844, 7.8948655128479, -310.6443176269531) (0.0, 0.6748857498168945, 0.0, 0.7071067690849304) 0.5297004580497742
flower (-306.5102233886719, 7.8948655128479, -305.53179931640625) (0.0, 0.6936395764350891, 0.0, 0.7071067690849304) 0.8917222023010254
flower (-306.134765625, 7.8948655128479, -318.94378662109375) (0.0, 0.650530219078064, 0.0, 0.7071067690849304) 0.8532363772392273
flower (-270.36773681640625, 7.890134811401367, -362.7506408691406) (0.0, 0.42965102195739746, 0.0, 0.7071067690849304) 0.8613524436950684
flower (-304.1763916015625, 7.8948655128479, -292.9237365722656) (0.0, 0.6436689496040344, 0.0, 0.7071067690849304) 1.0244319438934326
flower (-307.46441650390625, 7.8948655128479, -311.2080383300781) (0.0, 0.5284510850906372, 0.0, 0.7071067690849304) 0.6601499319076538
flower (-317.6944274902344, 7.861961841583252, -314.5158996582031) (0.0, 0.0957842767238617, 0.0, 0.7071067690849304) 1.2103126049041748
flower (-300.2206115722656, 7.8948655128479, -285.4928283691406) (0.0, 0.5948365926742554, 0.0, 0.7071067690849304) 0.5301035046577454
flower (-264.3776550292969, 7.8948655128479, -352.13226318359375) (0.0, 0.2384895384311676, 0.0, 0.7071067690849304) 0.8400717377662659
flower (-299.2001037597656, 7.8948655128479, -285.17681884765625) (0.0, 0.4526107907295227, 0.0, 0.7071067690849304) 0.8107501864433289
flower (-321.03009033203125, 7.839344501495361, -312.7109375) (0.0, 0.3980540633201599, 0.0, 0.7071067690849304) 1.0393855571746826
flower (-308.0351257324219, 7.8948655128479, -309.5080871582031) (0.0, 0.3204514980316162, 0.0, 0.7071067690849304) 0.590235710144043
flower (-271.9308166503906, 7.8948655128479, -358.8299255371094) (0.0, 0.2891920208930969, 0.0, 0.7071067690849304) 0.6331170797348022
flower (-300.4140319824219, 7.8948655128479, -289.1617431640625) (0.0, 0.5149369239807129, 0.0, 0.7071067690849304) 0.8810479640960693
flower (-317.54022216796875, 7.862852096557617, -314.85003662109375) (0.0, 0.693803608417511, 0.0, 0.7071067690849304) 0.6357024908065796
flower (-301.70220947265625, 7.8948655128479, -290.5327453613281) (0.0, 0.664036214351654, 0.0, 0.7071067690849304) 0.8864772319793701
flower (-315.6543273925781, 7.890620231628418, -303.33941650390625) (0.0, 0.3963826596736908, 0.0, 0.7071067690849304) 0.5622617602348328
flower (-312.374755859375, 7.8948655128479, -306.46319580078125) (0.0, 0.24518489837646484, 0.0, 0.7071067690849304) 0.6382970809936523
flower (-311.4128112792969, 7.8948655128479, -303.7211608886719) (0.0, 0.7066364288330078, 0.0, 0.7071067690849304) 0.5052914619445801
flower (-305.7168273925781, 7.8948655128479, -301.4565734863281) (0.0, 0.19232003390789032, 0.0, 0.7071067690849304) 1.2089054584503174
flower (-309.2181091308594, 7.8948655128479, -288.3076171875) (0.0, 0.3234361708164215, 0.0, 0.7071067690849304) 1.1613672971725464
flower (-284.3462829589844, 7.857132434844971, -360.835205078125) (0.0, 0.605950117111206, 0.0, 0.7071067690849304) 0.5903675556182861
flower (-300.91571044921875, 7.8948655128479, -286.02325439453125) (0.0, 0.698138952255249, 0.0, 0.7071067690849304) 1.1421031951904297
flower (-266.9091796875, 7.8948655128479, -349.8598327636719) (0.0, 0.3693111538887024, 0.0, 0.7071067690849304) 1.038511037826538
flower (-305.3938293457031, 7.8948655128479, -301.5103454589844) (0.0, 0.5819154381752014, 0.0, 0.7071067690849304) 1.2132413387298584
flower (-314.5440673828125, 7.887765884399414, -310.2545471191406) (0.0, 0.020245913416147232, 0.0, 0.7071067690849304) 0.9116248488426208
flower (-321.1534118652344, 7.794216156005859, -317.80517578125) (0.0, 0.5993347764015198, 0.0, 0.7071067690849304) 0.6206806898117065
flower (-311.6630859375, 7.894783973693848, -309.92132568359375) (0.0, 0.15454836189746857, 0.0, 0.7071067690849304) 0.8133155107498169
flower (-305.4131774902344, 7.8948655128479, -306.2164306640625) (0.0, 0.4766833782196045, 0.0, 0.7071067690849304) 0.6174616813659668
flower (-306.2353210449219, 7.8948655128479, -301.5274963378906) (0.0, 0.0469617024064064, 0.0, 0.7071067690849304) 0.9741660952568054
flower (-305.1512756347656, 7.8948655128479, -304.35888671875) (0.0, 0.3579787313938141, 0.0, 0.7071067690849304) 1.069800853729248
flower (-314.645751953125, 7.86785888671875, -318.7691650390625) (0.0, 0.09664929658174515, 0.0, 0.7071067690849304) 0.8973209857940674
flower (-318.0977783203125, 7.885404586791992, -305.9064025878906) (0.0, 0.16265909373760223, 0.0, 0.7071067690849304) 1.2485603094100952
flower (-301.618408203125, 7.8948655128479, -285.13134765625) (0.0, 0.3302612602710724, 0.0, 0.7071067690849304) 0.9168455600738525
flower (-308.8320007324219, 7.8948655128479, -314.6387634277344) (0.0, 0.560215413570404, 0.0, 0.7071067690849304) 0.80913245677948
flower (-305.3995361328125, 7.8948655128479, -286.00390625) (0.0, 0.2385600060224533, 0.0, 0.7071067690849304) 0.659286618232727
flower (-303.81072998046875, 7.8948655128479, -323.3645935058594) (0.0, 0.3529207706451416, 0.0, 0.7071067690849304) 1.2062147855758667
flower (-268.83447265625, 7.8948655128479, -360.8366394042969) (0.0, 0.46219488978385925, 0.0, 0.7071067690849304) 1.0834262371063232
flower (-321.5470275878906, 7.802616596221924, -316.1551208496094) (0.0, 0.038646213710308075, 0.0, 0.7071067690849304) 1.2146430015563965
flower (-304.4002685546875, 7.8948655128479, -315.41900634765625) (0.0, 0.6139037609100342, 0.0, 0.7071067690849304) 1.0781822204589844
flower (-301.1360168457031, 7.8948655128479, -294.7718505859375) (0.0, 0.6370316743850708, 0.0, 0.7071067690849304) 0.7780361771583557
flower (-267.3150939941406, 7.8948655128479, -355.6283264160156) (0.0, 0.5304712057113647, 0.0, 0.7071067690849304) 0.9076154828071594
flower (-317.2822570800781, 7.880147933959961, -309.664794921875) (0.0, 0.09217077493667603, 0.0, 0.7071067690849304) 1.0745162963867188
flower (-304.6678771972656, 7.890134811401367, -323.5251770019531) (0.0, 0.6757282614707947, 0.0, 0.7071067690849304) 1.2147539854049683
flower (-313.8898620605469, 7.8948655128479, -302.1444091796875) (0.0, 0.6574678421020508, 0.0, 0.7071067690849304) 0.6557213068008423
flower (-305.28759765625, 7.8948655128479, -304.06561279296875) (0.0, 0.5405410528182983, 0.0, 0.7071067690849304) 0.5902811288833618
flower (-303.212158203125, 7.8948655128479, -285.6964416503906) (0.0, 0.017786137759685516, 0.0, 0.7071067690849304) 0.6075626611709595
flower (-306.6288757324219, 7.8948655128479, -308.7658386230469) (0.0, 0.2254151701927185, 0.0, 0.7071067690849304) 0.5634583830833435
flower (-318.5391540527344, 7.886495590209961, -302.7154235839844) (0.0, 0.37146613001823425, 0.0, 0.7071067690849304) 0.9347131252288818
flower (-310.9591064453125, 7.890134811401367, -313.90557861328125) (0.0, 0.293836772441864, 0.0, 0.7071067690849304) 1.2353509664535522
flower (-316.6512145996094, 7.890134811401367, -301.2915954589844) (0.0, 0.5392236709594727, 0.0, 0.7071067690849304) 0.9395248293876648
flower (-311.1333923339844, 7.877154350280762, -322.34039306640625) (0.0, 0.4733152687549591, 0.0, 0.7071067690849304) 0.9168107509613037
flower (-309.54266357421875, 7.8948655128479, -313.22381591796875) (0.0, 0.32452094554901123, 0.0, 0.7071067690849304) 1.1303811073303223
flower (-319.53900146484375, 7.835212707519531, -316.021728515625) (0.0, 0.05316099897027016, 0.0, 0.7071067690849304) 0.8896697163581848
flower (-301.4072265625, 7.8948655128479, -288.9639587402344) (0.0, 0.16332611441612244, 0.0, 0.7071067690849304) 0.5068343877792358
flower (-316.4784851074219, 7.885650634765625, -306.9315490722656) (0.0, 0.6742575764656067, 0.0, 0.7071067690849304) 0.6967295408248901
flower (-270.172607421875, 7.8948655128479, -353.27105712890625) (0.0, 0.4751647412776947, 0.0, 0.7071067690849304) 0.8810275793075562
flower (-306.7715148925781, 7.8948655128479, -287.7146911621094) (0.0, 0.04078154265880585, 0.0, 0.7071067690849304) 1.0146597623825073
flower (-269.48284912109375, 7.8948655128479, -361.5428771972656) (0.0, 0.676029622554779, 0.0, 0.7071067690849304) 0.8413184881210327
flower (-300.5304260253906, 7.8948655128479, -313.13519287109375) (0.0, 0.001349457772448659, 0.0, 0.7071067690849304) 0.7673985362052917
flower (-304.3321228027344, 7.8948655128479, -307.84954833984375) (0.0, 0.6470696926116943, 0.0, 0.7071067690849304) 1.170581340789795
flower (-317.9091796875, 7.890134811401367, -301.35040283203125) (0.0, 0.05509427562355995, 0.0, 0.7071067690849304) 0.8278351426124573
flower (-304.5113830566406, 7.8948655128479, -308.9767150878906) (0.0, 0.6520299315452576, 0.0, 0.7071067690849304) 0.583310604095459
flower (-302.8449401855469, 7.8948655128479, -310.25396728515625) (0.0, 0.46209508180618286, 0.0, 0.7071067690849304) 0.7219042778015137
flower (-311.6640319824219, 7.890134811401367, -313.813720703125) (0.0, 0.6588867902755737, 0.0, 0.7071067690849304) 0.8797070980072021
flower (-319.68896484375, 7.831624507904053, -316.3965148925781) (0.0, 0.11974003911018372, 0.0, 0.7071067690849304) 0.7400575280189514
flower (-304.62078857421875, 7.8948655128479, -303.77764892578125) (0.0, 0.66456139087677, 0.0, 0.7071067690849304) 0.7716221213340759
flower (-303.6028137207031, 7.8948655128479, -309.47308349609375) (0.0, 0.3126662075519562, 0.0, 0.7071067690849304) 1.2225428819656372
flower (-305.3377380371094, 7.8948655128479, -300.8199462890625) (0.0, 0.046815961599349976, 0.0, 0.7071067690849304) 0.7893317937850952
flower (-304.2733154296875, 7.8948655128479, -292.37896728515625) (0.0, 0.5817067623138428, 0.0, 0.7071067690849304) 0.9675989747047424
flower (-300.6763000488281, 7.8948655128479, -318.1221923828125) (0.0, 0.2600671350955963, 0.0, 0.7071067690849304) 0.7696627378463745
flower (-314.6523132324219, 7.894519329071045, -304.10015869140625) (0.0, 0.03674210608005524, 0.0, 0.7071067690849304) 0.6367994546890259
flower (-316.7802734375, 7.885404586791992, -306.2964172363281) (0.0, 0.04963187500834465, 0.0, 0.7071067690849304) 0.9427109956741333
flower (-302.42095947265625, 7.8948655128479, -308.34271240234375) (0.0, 0.16270571947097778, 0.0, 0.7071067690849304) 1.0541062355041504
flower (-314.4825744628906, 7.885404586791992, -311.42694091796875) (0.0, 0.13231413066387177, 0.0, 0.7071067690849304) 0.6589269638061523
flower (-305.44732666015625, 7.8948655128479, -287.7606201171875) (0.0, 0.1846824288368225, 0.0, 0.7071067690849304) 1.0858463048934937
flower (-309.135498046875, 7.8948655128479, -311.70989990234375) (0.0, 0.21941834688186646, 0.0, 0.7071067690849304) 0.7881472110748291
flower (-267.5897521972656, 7.8948655128479, -352.0390930175781) (0.0, 0.07570096850395203, 0.0, 0.7071067690849304) 1.1785447597503662
flower (-306.648193359375, 7.893341541290283, -319.2648620605469) (0.0, 0.5707410573959351, 0.0, 0.7071067690849304) 0.9061059355735779
flower (-267.4051513671875, 7.8948655128479, -359.38043212890625) (0.0, 0.10725504904985428, 0.0, 0.7071067690849304) 0.5880091786384583
flower (-310.28277587890625, 7.885404586791992, -319.9455261230469) (0.0, 0.5579791069030762, 0.0, 0.7071067690849304) 1.1533148288726807
flower (-303.0917663574219, 7.8948655128479, -305.14776611328125) (0.0, 0.04097803309559822, 0.0, 0.7071067690849304) 0.8083387017250061
flower (-269.8830261230469, 7.8948655128479, -355.09173583984375) (0.0, 0.6300930380821228, 0.0, 0.7071067690849304) 0.6495183706283569
flower (-315.2452087402344, 7.885404586791992, -311.62774658203125) (0.0, 0.4846583902835846, 0.0, 0.7071067690849304) 0.9217358827590942
flower (-262.67706298828125, 7.8948655128479, -354.7009582519531) (0.0, 0.015462077222764492, 0.0, 0.7071067690849304) 0.7166860103607178
flower (-305.9833679199219, 7.8948655128479, -302.03729248046875) (0.0, 0.5186182856559753, 0.0, 0.7071067690849304) 0.8504128456115723
flower (-316.70880126953125, 7.867766380310059, -314.6795654296875) (0.0, 0.5634601712226868, 0.0, 0.7071067690849304) 1.0746780633926392
flower (-308.6327209472656, 7.8948655128479, -312.3261413574219) (0.0, 0.6628429889678955, 0.0, 0.7071067690849304) 0.8974900245666504
flower (-306.16705322265625, 7.8948655128479, -287.7309875488281) (0.0, 0.569139301776886, 0.0, 0.7071067690849304) 0.7672324180603027
flower (-309.3944091796875, 7.8948655128479, -304.53033447265625) (0.0, 0.03729650378227234, 0.0, 0.7071067690849304) 0.9908087253570557
flower (-311.67364501953125, 7.8948655128479, -303.9998474121094) (0.0, 0.0831611230969429, 0.0, 0.7071067690849304) 0.5221351385116577
flower (-299.96697998046875, 7.8948655128479, -287.70025634765625) (0.0, 0.22859176993370056, 0.0, 0.7071067690849304) 1.0774263143539429
flower (-271.0899658203125, 7.8948655128479, -356.959228515625) (0.0, 0.6259491443634033, 0.0, 0.7071067690849304) 0.8998284339904785
flower (-280.0175476074219, 7.874679088592529, -361.32440185546875) (0.0, 0.382536917924881, 0.0, 0.7071067690849304) 0.9939600229263306
flower (-305.9788818359375, 7.8948655128479, -317.8678283691406) (0.0, 0.32386547327041626, 0.0, 0.7071067690849304) 0.9201755523681641
flower (-308.5980529785156, 7.8948655128479, -314.89324951171875) (0.0, 0.18669232726097107, 0.0, 0.7071067690849304) 0.6495093703269958
flower (-270.2095031738281, 7.8948655128479, -358.9433898925781) (0.0, 0.2666407823562622, 0.0, 0.7071067690849304) 0.7916699647903442
flower (-303.06231689453125, 7.8948655128479, -286.1159362792969) (0.0, 0.6455848217010498, 0.0, 0.7071067690849304) 0.9397213459014893
flower (-314.8489074707031, 7.894272327423096, -303.58416748046875) (0.0, 0.3916563391685486, 0.0, 0.7071067690849304) 1.0634149312973022
flower (-306.09625244140625, 7.8948655128479, -315.0250549316406) (0.0, 0.44133642315864563, 0.0, 0.7071067690849304) 1.1426914930343628
flower (-304.75103759765625, 7.8948655128479, -306.18231201171875) (0.0, 0.14066636562347412, 0.0, 0.7071067690849304) 0.9416780471801758
flower (-306.529296875, 7.8948655128479, -287.2023010253906) (0.0, 0.5708454847335815, 0.0, 0.7071067690849304) 0.7523511648178101
flower (-305.4669494628906, 7.8948655128479, -304.275390625) (0.0, 0.2602522373199463, 0.0, 0.7071067690849304) 0.8099919557571411
flower (-301.22613525390625, 7.8948655128479, -288.0415954589844) (0.0, 0.20707395672798157, 0.0, 0.7071067690849304) 1.2122479677200317
flower (-309.2767028808594, 7.888204574584961, -319.4613952636719) (0.0, 0.011988501995801926, 0.0, 0.7071067690849304) 0.6209747791290283
flower (-305.89605712890625, 7.8948655128479, -309.770751953125) (0.0, 0.5166446566581726, 0.0, 0.7071067690849304) 0.847599983215332
flower (-303.04510498046875, 7.8948655128479, -324.3263244628906) (0.0, 0.16297587752342224, 0.0, 0.7071067690849304) 0.9554864764213562
flower (-318.2862854003906, 7.879877090454102, -308.2255859375) (0.0, 0.22627386450767517, 0.0, 0.7071067690849304) 0.8147250413894653
flower (-317.8704528808594, 7.875944137573242, -309.4957580566406) (0.0, 0.5688973069190979, 0.0, 0.7071067690849304) 1.186866044998169
flower (-317.045166015625, 7.885404586791992, -306.0603942871094) (0.0, 0.5195364356040955, 0.0, 0.7071067690849304) 1.1479946374893188
flower (-283.8276062011719, 7.856743335723877, -361.20306396484375) (0.0, 0.35191118717193604, 0.0, 0.7071067690849304) 0.6271619200706482
flower (-263.17279052734375, 7.8948655128479, -353.8611145019531) (0.0, 0.23810675740242004, 0.0, 0.7071067690849304) 0.8572177886962891
flower (-266.89190673828125, 7.8948655128479, -352.2248229980469) (0.0, 0.06657128036022186, 0.0, 0.7071067690849304) 0.8150901794433594
flower (-309.3224182128906, 7.8948655128479, -309.2108459472656) (0.0, 0.12675799429416656, 0.0, 0.7071067690849304) 1.2177854776382446
flower (-306.9794921875, 7.8948655128479, -302.18817138671875) (0.0, 0.45003747940063477, 0.0, 0.7071067690849304) 0.9714142084121704
flower (-306.2264404296875, 7.8948655128479, -315.3236389160156) (0.0, 0.1432213932275772, 0.0, 0.7071067690849304) 0.9004926681518555
flower (-311.9371032714844, 7.884652137756348, -317.74993896484375) (0.0, 0.017658432945609093, 0.0, 0.7071067690849304) 0.8612322211265564
flower (-319.6341857910156, 7.861783504486084, -311.3265686035156) (0.0, 0.21054963767528534, 0.0, 0.7071067690849304) 0.6657752990722656
flower (-305.13763427734375, 7.8948655128479, -290.27093505859375) (0.0, 0.3281179368495941, 0.0, 0.7071067690849304) 0.6964535713195801
flower (-312.8614501953125, 7.878198146820068, -318.4464111328125) (0.0, 0.4123782515525818, 0.0, 0.7071067690849304) 0.8212548494338989
flower (-305.21435546875, 7.8948655128479, -288.6485595703125) (0.0, 0.1393558531999588, 0.0, 0.7071067690849304) 1.0106202363967896
flower (-316.2496643066406, 7.890134811401367, -306.0361633300781) (0.0, 0.039454590529203415, 0.0, 0.7071067690849304) 1.032035231590271
flower (-306.6619567871094, 7.8948655128479, -317.6236877441406) (0.0, 0.5326399207115173, 0.0, 0.7071067690849304) 0.5089591145515442
flower (-316.4181213378906, 7.887741565704346, -306.61322021484375) (0.0, 0.47489601373672485, 0.0, 0.7071067690849304) 1.0306438207626343
flower (-315.4636535644531, 7.873152256011963, -315.9266662597656) (0.0, 0.06891068816184998, 0.0, 0.7071067690849304) 0.789425253868103
flower (-317.16448974609375, 7.854394435882568, -317.0744323730469) (0.0, 0.583017110824585, 0.0, 0.7071067690849304) 1.1938985586166382
flower (-317.5762939453125, 7.853646278381348, -316.2858581542969) (0.0, 0.07604184746742249, 0.0, 0.7071067690849304) 1.2420079708099365
flower (-281.771484375, 7.871495723724365, -360.4638671875) (0.0, 0.1677570939064026, 0.0, 0.7071067690849304) 0.7511874437332153
flower (-314.5758361816406, 7.86954402923584, -318.5083923339844) (0.0, 0.4835149645805359, 0.0, 0.7071067690849304) 1.1844426393508911
flower (-311.8099060058594, 7.876399040222168, -321.1581726074219) (0.0, 0.6315237283706665, 0.0, 0.7071067690849304) 1.167693853378296
flower (-304.91094970703125, 7.8948655128479, -301.98675537109375) (0.0, 0.6386249661445618, 0.0, 0.7071067690849304) 0.9460381269454956
flower (-264.16717529296875, 7.8948655128479, -350.97198486328125) (0.0, 0.2179614156484604, 0.0, 0.7071067690849304) 1.1270551681518555
flower (-307.6026916503906, 7.8948655128479, -311.95953369140625) (0.0, 0.5238651037216187, 0.0, 0.7071067690849304) 0.9689053893089294
flower (-274.478271484375, 7.886126518249512, -362.4904479980469) (0.0, 0.523908257484436, 0.0, 0.7071067690849304) 0.5515584945678711
flower (-319.4211120605469, 7.854687213897705, -312.9416809082031) (0.0, 0.12342224270105362, 0.0, 0.7071067690849304) 1.008248209953308
flower (-305.0829772949219, 7.890134811401367, -322.2319030761719) (0.0, 0.4568788409233093, 0.0, 0.7071067690849304) 1.0047204494476318
flower (-305.2017822265625, 7.8948655128479, -320.0327453613281) (0.0, 0.4424869418144226, 0.0, 0.7071067690849304) 0.5548624396324158
flower (-301.8884582519531, 7.8948655128479, -319.5758361816406) (0.0, 0.4735887050628662, 0.0, 0.7071067690849304) 0.6381853818893433
flower (-305.6668701171875, 7.8948655128479, -305.4416809082031) (0.0, 0.10395621508359909, 0.0, 0.7071067690849304) 0.9215397238731384
flower (-281.9276428222656, 7.857899188995361, -362.6866760253906) (0.0, 0.031060371547937393, 0.0, 0.7071067690849304) 0.924373984336853
flower (-260.48590087890625, 7.8948655128479, -353.36279296875) (0.0, 0.35134321451187134, 0.0, 0.7071067690849304) 0.690187394618988
flower (-310.74749755859375, 7.8948655128479, -310.6088562011719) (0.0, 0.24094349145889282, 0.0, 0.7071067690849304) 0.5555411577224731
flower (-309.0044860839844, 7.8948655128479, -310.4317932128906) (0.0, 0.2634226083755493, 0.0, 0.7071067690849304) 0.8620643615722656
flower (-307.87640380859375, 7.8948655128479, -288.2903747558594) (0.0, 0.18810053169727325, 0.0, 0.7071067690849304) 0.5557765960693359
flower (-316.9216613769531, 7.870891571044922, -313.4128112792969) (0.0, 0.6850055456161499, 0.0, 0.7071067690849304) 1.142853021621704
flower (-301.9422912597656, 7.8948655128479, -319.771728515625) (0.0, 0.5165925621986389, 0.0, 0.7071067690849304) 0.6032333970069885
flower (-270.4098205566406, 7.8948655128479, -359.23822021484375) (0.0, 0.4850233197212219, 0.0, 0.7071067690849304) 0.547004222869873
flower (-303.66998291015625, 7.8948655128479, -310.27740478515625) (0.0, 0.2811698913574219, 0.0, 0.7071067690849304) 0.9291313886642456
flower (-316.607421875, 7.881807804107666, -309.9642333984375) (0.0, 0.1031888872385025, 0.0, 0.7071067690849304) 0.5343166589736938
flower (-303.55615234375, 7.8948655128479, -313.61676025390625) (0.0, 0.04875395447015762, 0.0, 0.7071067690849304) 0.7702692151069641
flower (-318.9681701660156, 7.877997875213623, -307.37115478515625) (0.0, 0.6347275376319885, 0.0, 0.7071067690849304) 1.20173180103302
flower (-310.4503173828125, 7.890134811401367, -316.22552490234375) (0.0, 0.5916978120803833, 0.0, 0.7071067690849304) 0.6142922639846802
flower (-318.84503173828125, 7.839333534240723, -316.8199768066406) (0.0, 0.0815761536359787, 0.0, 0.7071067690849304) 0.5515323877334595
flower (-304.00592041015625, 7.8948655128479, -310.5740661621094) (0.0, 0.237721785902977, 0.0, 0.7071067690849304) 0.7578859329223633
flower (-320.1515197753906, 7.810283660888672, -318.1503601074219) (0.0, 0.39934104681015015, 0.0, 0.7071067690849304) 1.0648552179336548
flower (-320.7060546875, 7.880663871765137, -302.1069641113281) (0.0, 0.4281221032142639, 0.0, 0.7071067690849304) 0.64316725730896
flower (-267.30810546875, 7.8948655128479, -350.0298767089844) (0.0, 0.5781509280204773, 0.0, 0.7071067690849304) 1.239700198173523
flower (-321.3666076660156, 7.819548606872559, -314.74871826171875) (0.0, 0.5347275137901306, 0.0, 0.7071067690849304) 1.121155023574829
flower (-315.5369873046875, 7.885404586791992, -310.1811828613281) (0.0, 0.6835014224052429, 0.0, 0.7071067690849304) 1.0943901538848877
flower (-303.17926025390625, 7.8948655128479, -318.7806091308594) (0.0, 0.6526135206222534, 0.0, 0.7071067690849304) 1.1631112098693848
flower (-319.8604736328125, 7.8618903160095215, -310.3720397949219) (0.0, 0.002735246205702424, 0.0, 0.7071067690849304) 1.1456515789031982
flower (-257.1672668457031, 7.8948655128479, -353.4596862792969) (0.0, 0.13844817876815796, 0.0, 0.7071067690849304) 0.5431119203567505
flower (-262.4035949707031, 7.8948655128479, -352.9053039550781) (0.0, 0.06282434612512589, 0.0, 0.7071067690849304) 0.9541168212890625
flower (-271.2842102050781, 7.890134811401367, -363.5638732910156) (0.0, 0.3440118432044983, 0.0, 0.7071067690849304) 1.192820429801941
flower (-307.4579772949219, 7.8948655128479, -306.9559326171875) (0.0, 0.12523336708545685, 0.0, 0.7071067690849304) 0.7428901195526123
flower (-270.5393371582031, 7.8948655128479, -355.8503723144531) (0.0, 0.6073286533355713, 0.0, 0.7071067690849304) 0.7907803058624268
flower (-319.59844970703125, 7.815249919891357, -318.6020812988281) (0.0, 0.14943106472492218, 0.0, 0.7071067690849304) 0.650812029838562
flower (-304.1920166015625, 7.8948655128479, -319.73748779296875) (0.0, 0.09384459257125854, 0.0, 0.7071067690849304) 0.545281171798706
flower (-304.6481628417969, 7.8948655128479, -316.2878723144531) (0.0, 0.02317250519990921, 0.0, 0.7071067690849304) 0.6991761922836304
flower (-309.83489990234375, 7.885847091674805, -319.3598937988281) (0.0, 0.19500426948070526, 0.0, 0.7071067690849304) 0.9711315631866455
flower (-305.2845458984375, 7.8948655128479, -305.51922607421875) (0.0, 0.5467267036437988, 0.0, 0.7071067690849304) 0.8091552257537842
flower (-317.0812683105469, 7.847115993499756, -318.8846740722656) (0.0, 0.1734362244606018, 0.0, 0.7071067690849304) 0.6568039655685425
flower (-305.81219482421875, 7.8948655128479, -305.5124816894531) (0.0, 0.35935312509536743, 0.0, 0.7071067690849304) 0.9495844841003418
flower (-304.0882873535156, 7.8948655128479, -317.2684631347656) (0.0, 0.35201045870780945, 0.0, 0.7071067690849304) 0.5226061940193176
flower (-307.48980712890625, 7.8948655128479, -305.7855224609375) (0.0, 0.42141637206077576, 0.0, 0.7071067690849304) 0.8014479875564575
flower (-311.7206115722656, 7.890134811401367, -314.5243835449219) (0.0, 0.521172821521759, 0.0, 0.7071067690849304) 0.6771680116653442
flower (-304.8339538574219, 7.8948655128479, -316.40838623046875) (0.0, 0.25059935450553894, 0.0, 0.7071067690849304) 1.2439632415771484
flower (-308.73089599609375, 7.8948655128479, -313.50689697265625) (0.0, 0.38295459747314453, 0.0, 0.7071067690849304) 0.9489424228668213
flower (-318.8469543457031, 7.834449291229248, -317.44989013671875) (0.0, 0.11721190065145493, 0.0, 0.7071067690849304) 0.8839064836502075
flower (-263.8486633300781, 7.8948655128479, -356.7599182128906) (0.0, 0.4445902407169342, 0.0, 0.7071067690849304) 0.754307210445404
flower (-272.27777099609375, 7.886509895324707, -363.96600341796875) (0.0, 0.10136089473962784, 0.0, 0.7071067690849304) 1.0381038188934326
flower (-270.53369140625, 7.890134811401367, -364.1626281738281) (0.0, 0.6682989001274109, 0.0, 0.7071067690849304) 0.7906379699707031
flower (-317.4172668457031, 7.864648818969727, -314.4797058105469) (0.0, 0.29397258162498474, 0.0, 0.7071067690849304) 0.8532979488372803
flower (-266.8408203125, 7.8948655128479, -350.1446228027344) (0.0, 0.38648852705955505, 0.0, 0.7071067690849304) 1.2091138362884521
flower (-308.7167053222656, 7.890134811401367, -318.1692199707031) (0.0, 0.07188212126493454, 0.0, 0.7071067690849304) 0.5721426606178284
flower (-318.6748046875, 7.857177257537842, -313.8493347167969) (0.0, 0.47328558564186096, 0.0, 0.7071067690849304) 0.8034969568252563
flower (-270.0840148925781, 7.8948655128479, -358.6969299316406) (0.0, 0.027921948581933975, 0.0, 0.7071067690849304) 1.0555332899093628
flower (-303.89666748046875, 7.8948655128479, -313.7035827636719) (0.0, 0.338530570268631, 0.0, 0.7071067690849304) 0.8460606336593628
flower (-302.86212158203125, 7.8948655128479, -321.5498046875) (0.0, 0.12069912999868393, 0.0, 0.7071067690849304) 0.8886481523513794
flower (-252.98350524902344, 7.8948655128479, -354.4731750488281) (0.0, 0.11056002974510193, 0.0, 0.7071067690849304) 1.208038568496704
flower (-269.7920227050781, 7.8948655128479, -355.6116027832031) (0.0, 0.29478517174720764, 0.0, 0.7071067690849304) 0.6795015335083008
flower (-254.9060516357422, 7.8948655128479, -352.2262878417969) (0.0, 0.6103803515434265, 0.0, 0.7071067690849304) 0.9218833446502686
flower (-266.7281494140625, 7.8948655128479, -355.47625732421875) (0.0, 0.32693469524383545, 0.0, 0.7071067690849304) 0.7803550362586975
flower (-260.33795166015625, 7.8948655128479, -354.4803771972656) (0.0, 0.4550284147262573, 0.0, 0.7071067690849304) 0.6531192660331726
flower (-271.32965087890625, 7.890134811401367, -362.40887451171875) (0.0, 0.5709784626960754, 0.0, 0.7071067690849304) 0.9451855421066284
flower (-262.03619384765625, 7.8948655128479, -356.51507568359375) (0.0, 0.24838705360889435, 0.0, 0.7071067690849304) 0.6382784843444824
flower (-258.127197265625, 7.8948655128479, -353.0614929199219) (0.0, 0.5221248269081116, 0.0, 0.7071067690849304) 0.6368019580841064
flower (-267.5462951660156, 7.8948655128479, -356.01531982421875) (0.0, 0.2899250388145447, 0.0, 0.7071067690849304) 1.031365156173706
flower (-286.5377197265625, 7.84610652923584, -360.26934814453125) (0.0, 0.4542597234249115, 0.0, 0.7071067690849304) 0.9356363415718079
flower (-268.6834411621094, 7.8948655128479, -360.4390869140625) (0.0, 0.3179791569709778, 0.0, 0.7071067690849304) 0.7800061702728271
flower (-266.0536804199219, 7.8948655128479, -350.8567199707031) (0.0, 0.14938116073608398, 0.0, 0.7071067690849304) 0.5851055979728699
flower (-263.72509765625, 7.8948655128479, -350.5419006347656) (0.0, 0.3301083445549011, 0.0, 0.7071067690849304) 0.5505714416503906
flower (-268.6251525878906, 7.8948655128479, -362.3199462890625) (0.0, 0.4268234968185425, 0.0, 0.7071067690849304) 1.0975112915039062
flower (-270.3983154296875, 7.8948655128479, -356.450439453125) (0.0, 0.10270032286643982, 0.0, 0.7071067690849304) 0.5446553230285645
flower (-265.6435241699219, 7.8948655128479, -352.31298828125) (0.0, 0.46907681226730347, 0.0, 0.7071067690849304) 0.5037373304367065
flower (-267.6477966308594, 7.8948655128479, -353.9709777832031) (0.0, 0.0466674342751503, 0.0, 0.7071067690849304) 0.9129319190979004
flower (-274.8839111328125, 7.885404586791992, -362.80517578125) (0.0, 0.6964389085769653, 0.0, 0.7071067690849304) 0.7257567048072815
flower (-268.49310302734375, 7.8948655128479, -362.7117919921875) (0.0, 0.41861850023269653, 0.0, 0.7071067690849304) 0.9360445737838745
flower (-270.5425109863281, 7.8948655128479, -356.8519592285156) (0.0, 0.5567971467971802, 0.0, 0.7071067690849304) 0.8108692169189453
flower (-283.147216796875, 7.866852283477783, -360.5433654785156) (0.0, 0.4690086841583252, 0.0, 0.7071067690849304) 1.0891542434692383
flower (-277.8124084472656, 7.8792266845703125, -362.65960693359375) (0.0, 0.4019225537776947, 0.0, 0.7071067690849304) 0.9450433254241943
flower (-260.04034423828125, 7.8948655128479, -355.3028564453125) (0.0, 0.6594182848930359, 0.0, 0.7071067690849304) 0.8950823545455933
flower (-275.65557861328125, 7.885404586791992, -362.0563049316406) (0.0, 0.2937888205051422, 0.0, 0.7071067690849304) 0.5351887941360474
flower (-271.5926208496094, 7.890134811401367, -363.50872802734375) (0.0, 0.3325370252132416, 0.0, 0.7071067690849304) 0.9713228940963745
flower (-309.7702941894531, 7.885404586791992, -320.2984924316406) (0.0, 0.14110073447227478, 0.0, 0.7071067690849304) 1.1398264169692993
flower (-304.40716552734375, 7.8948655128479, -306.2573547363281) (0.0, 0.3553541600704193, 0.0, 0.7071067690849304) 0.7803446650505066
