flower (77.02430725097656, 21.82610321044922, -136.10360717773438) (0.0, 0.09823478013277054, 0.0, 0.7071067690849304) 1.24606454372406
flower (120.07534790039062, 8.303206443786621, -241.20867919921875) (0.0, 0.25202441215515137, 0.0, 0.7071067690849304) 0.722246527671814
flower (142.45480346679688, 10.248056411743164, -194.68301391601562) (0.0, 0.39959096908569336, 0.0, 0.7071067690849304) 1.080675721168518
flower (138.96986389160156, 8.757576942443848, -228.479736328125) (0.0, 0.6097785830497742, 0.0, 0.7071067690849304) 0.7207074165344238
flower (125.85303497314453, 8.195554733276367, -247.54348754882812) (0.0, 0.6693375706672668, 0.0, 0.7071067690849304) 0.6721532940864563
flower (33.1721305847168, 11.262289047241211, -140.4336700439453) (0.0, 0.4768372178077698, 0.0, 0.7071067690849304) 0.8932912349700928
flower (118.20843505859375, 8.373086929321289, -238.18310546875) (0.0, 0.07806026190519333, 0.0, 0.7071067690849304) 1.2273856401443481
flower (133.65328979492188, 10.464875221252441, -190.9899139404297) (0.0, 0.11171898990869522, 0.0, 0.7071067690849304) 1.21523916721344
flower (42.950748443603516, 11.536810874938965, -142.51661682128906) (0.0, 0.14811338484287262, 0.0, 0.7071067690849304) 0.7083109617233276
flower (135.99114990234375, 8.597107887268066, -233.21026611328125) (0.0, 0.306619256734848, 0.0, 0.7071067690849304) 0.8690674901008606
flower (53.30386734008789, 11.223799705505371, -155.52789306640625) (0.0, 0.37577614188194275, 0.0, 0.7071067690849304) 0.581627368927002
flower (134.25469970703125, 10.0340576171875, -199.18397521972656) (0.0, 0.3038763403892517, 0.0, 0.7071067690849304) 0.5735667943954468
flower (134.62620544433594, 10.48707103729248, -190.58071899414062) (0.0, 0.16468028724193573, 0.0, 0.7071067690849304) 1.1072750091552734
flower (132.97039794921875, 8.596799850463867, -232.89549255371094) (0.0, 0.07144202291965485, 0.0, 0.7071067690849304) 1.041416049003601
flower (120.24968719482422, 8.249576568603516, -243.53659057617188) (0.0, 0.5430015325546265, 0.0, 0.7071067690849304) 1.2019978761672974
flower (185.67494201660156, 9.84987735748291, -193.48561096191406) (0.0, 0.2703847587108612, 0.0, 0.7071067690849304) 0.5188148021697998
flower (136.34690856933594, 8.634237289428711, -232.0485076904297) (0.0, 0.24981819093227386, 0.0, 0.7071067690849304) 1.0940890312194824
flower (135.58331298828125, 10.078903198242188, -198.27110290527344) (0.0, 0.10894057899713516, 0.0, 0.7071067690849304) 0.7315180897712708
flower (129.3378143310547, 8.532750129699707, -234.44969177246094) (0.0, 0.1248321384191513, 0.0, 0.7071067690849304) 0.7875620126724243
flower (126.3686752319336, 8.28359603881836, -243.47254943847656) (0.0, 0.3261736035346985, 0.0, 0.7071067690849304) 0.897320032119751
flower (43.37123107910156, 11.916428565979004, -135.21710205078125) (0.0, 0.6397854685783386, 0.0, 0.7071067690849304) 0.9957447052001953
flower (247.9457244873047, 9.394258499145508, -234.3546142578125) (0.0, 0.12039753049612045, 0.0, 0.7071067690849304) 1.2089568376541138
flower (136.0149383544922, 8.642420768737793, -231.77003479003906) (0.0, 0.08039680123329163, 0.0, 0.7071067690849304) 1.0233021974563599
flower (122.24382019042969, 8.494422912597656, -234.70462036132812) (0.0, 0.5260183811187744, 0.0, 0.7071067690849304) 0.999269962310791
flower (129.91232299804688, 8.49415397644043, -235.93759155273438) (0.0, 0.40605831146240234, 0.0, 0.7071067690849304) 1.1375741958618164
flower (122.4856948852539, 8.418461799621582, -237.3975830078125) (0.0, 0.0985637754201889, 0.0, 0.7071067690849304) 0.657126784324646
flower (33.749610900878906, 11.114029884338379, -143.98092651367188) (0.0, 0.5235713124275208, 0.0, 0.7071067690849304) 1.1872624158859253
flower (119.23310089111328, 8.140470504760742, -248.92449951171875) (0.0, 0.2909536063671112, 0.0, 0.7071067690849304) 1.0296791791915894
flower (45.126197814941406, 11.772541046142578, -139.39491271972656) (0.0, 0.6585859656333923, 0.0, 0.7071067690849304) 0.5388771891593933
flower (133.81057739257812, 10.47180461883545, -190.8461456298828) (0.0, 0.5426458716392517, 0.0, 0.7071067690849304) 1.13583505153656
flower (124.8724136352539, 8.266831398010254, -243.8452911376953) (0.0, 0.6729952096939087, 0.0, 0.7071067690849304) 0.9792990684509277
flower (34.58866500854492, 11.127646446228027, -144.36978149414062) (0.0, 0.13058695197105408, 0.0, 0.7071067690849304) 0.5151101350784302
flower (48.16588592529297, 11.411360740661621, -148.6939239501953) (0.0, 0.1711433380842209, 0.0, 0.7071067690849304) 1.0957331657409668
flower (185.06008911132812, 9.73270034790039, -196.6090545654297) (0.0, 0.544201135635376, 0.0, 0.7071067690849304) 1.1866188049316406
flower (170.47125244140625, 9.58595085144043, -204.8319854736328) (0.0, 0.48839446902275085, 0.0, 0.7071067690849304) 1.0866122245788574
flower (138.8405303955078, 8.671842575073242, -231.05714416503906) (0.0, 0.6610832810401917, 0.0, 0.7071067690849304) 0.5143342018127441
flower (124.35037231445312, 8.338915824890137, -240.63304138183594) (0.0, 0.32784441113471985, 0.0, 0.7071067690849304) 0.9145113229751587
flower (31.800270080566406, 10.894444465637207, -147.1463165283203) (0.0, 0.06810703128576279, 0.0, 0.7071067690849304) 1.1965577602386475
flower (138.36187744140625, 8.917969703674316, -223.9766082763672) (0.0, 0.4830087721347809, 0.0, 0.7071067690849304) 0.9012700319290161
flower (44.87162780761719, 11.981535911560059, -135.0739288330078) (0.0, 0.10633379966020584, 0.0, 0.7071067690849304) 0.6172119379043579
flower (223.74159240722656, 10.46342945098877, -249.64698791503906) (0.0, 0.022568710148334503, 0.0, 0.7071067690849304) 0.879536509513855
flower (78.42689514160156, 22.03692626953125, -132.81362915039062) (0.0, 0.4310467839241028, 0.0, 0.7071067690849304) 0.7861498594284058
flower (27.94760513305664, 10.961383819580078, -142.58531188964844) (0.0, 0.186425119638443, 0.0, 0.7071067690849304) 1.05155348777771
flower (178.76268005371094, 9.803768157958984, -196.9796142578125) (0.0, 0.1496519148349762, 0.0, 0.7071067690849304) 0.9192745685577393
flower (132.554443359375, 8.616398811340332, -232.22145080566406) (0.0, 0.27196088433265686, 0.0, 0.7071067690849304) 1.0887302160263062
flower (52.30733871459961, 11.36197566986084, -152.3255157470703) (0.0, 0.29209795594215393, 0.0, 0.7071067690849304) 1.2004026174545288
flower (45.076786041259766, 11.80587100982666, -138.6963653564453) (0.0, 0.2520776689052582, 0.0, 0.7071067690849304) 0.7974797487258911
flower (249.71636962890625, 8.510909080505371, -238.94772338867188) (0.0, 0.6335912942886353, 0.0, 0.7071067690849304) 0.5707612037658691
flower (182.9510040283203, 9.933769226074219, -192.43484497070312) (0.0, 0.5686527490615845, 0.0, 0.7071067690849304) 0.6328825950622559
flower (141.10321044921875, 8.926409721374512, -223.84408569335938) (0.0, 0.3553353548049927, 0.0, 0.7071067690849304) 1.1496784687042236
flower (46.136558532714844, 11.828314781188965, -139.0590057373047) (0.0, 0.28212738037109375, 0.0, 0.7071067690849304) 0.8036214113235474
flower (131.59274291992188, 8.517731666564941, -235.28936767578125) (0.0, 0.2771565020084381, 0.0, 0.7071067690849304) 0.6280423402786255
flower (141.146484375, 8.931775093078613, -223.67620849609375) (0.0, 0.5342898368835449, 0.0, 0.7071067690849304) 1.0426079034805298
flower (130.24392700195312, 8.373289108276367, -240.3984375) (0.0, 0.034480925649404526, 0.0, 0.7071067690849304) 0.5340467691421509
flower (57.460575103759766, 11.377964973449707, -155.10589599609375) (0.0, 0.6161288619041443, 0.0, 0.7071067690849304) 0.8133978843688965
flower (60.16781997680664, 11.482027053833008, -154.75144958496094) (0.0, 0.16362982988357544, 0.0, 0.7071067690849304) 0.637255072593689
flower (125.6042709350586, 8.449639320373535, -236.81777954101562) (0.0, 0.4327436089515686, 0.0, 0.7071067690849304) 0.694185733795166
flower (59.71586608886719, 11.422687530517578, -155.61544799804688) (0.0, 0.15251965820789337, 0.0, 0.7071067690849304) 0.7336045503616333
flower (178.90774536132812, 9.878352165222168, -195.10763549804688) (0.0, 0.6420985460281372, 0.0, 0.7071067690849304) 1.0963919162750244
flower (249.77008056640625, 9.55439281463623, -234.06260681152344) (0.0, 0.706820011138916, 0.0, 0.7071067690849304) 1.022123098373413
flower (46.310543060302734, 11.632526397705078, -143.03636169433594) (0.0, 0.16845917701721191, 0.0, 0.7071067690849304) 1.0523138046264648
flower (46.06622314453125, 11.998431205749512, -135.64535522460938) (0.0, 0.08875089138746262, 0.0, 0.7071067690849304) 1.1020264625549316
flower (131.087158203125, 8.378795623779297, -240.2584228515625) (0.0, 0.12219197303056717, 0.0, 0.7071067690849304) 0.9147520065307617
flower (125.39913940429688, 8.356522560119629, -240.17471313476562) (0.0, 0.3199765980243683, 0.0, 0.7071067690849304) 0.6428720951080322
flower (133.04788208007812, 8.710803031921387, -229.39678955078125) (0.0, 0.29690590500831604, 0.0, 0.7071067690849304) 1.1684561967849731
flower (131.0684356689453, 10.657478332519531, -187.4940643310547) (0.0, 0.29685643315315247, 0.0, 0.7071067690849304) 0.8997163772583008
flower (35.7304801940918, 11.344749450683594, -140.80335998535156) (0.0, 0.20423729717731476, 0.0, 0.7071067690849304) 0.6949065923690796
flower (247.8505401611328, 9.357495307922363, -234.8828582763672) (0.0, 0.5311651825904846, 0.0, 0.7071067690849304) 1.0103211402893066
flower (122.33993530273438, 8.370965957641602, -239.03543090820312) (0.0, 0.10058682411909103, 0.0, 0.7071067690849304) 1.050218939781189
flower (46.10466766357422, 12.081050872802734, -134.0068817138672) (0.0, 0.31356748938560486, 0.0, 0.7071067690849304) 1.074995756149292
flower (181.4840087890625, 9.707578659057617, -198.39739990234375) (0.0, 0.6328238844871521, 0.0, 0.7071067690849304) 1.0313618183135986
flower (170.0186767578125, 9.646568298339844, -203.4816436767578) (0.0, 0.1122061163187027, 0.0, 0.7071067690849304) 0.6622052192687988
flower (180.46107482910156, 9.833880424499512, -195.65106201171875) (0.0, 0.25583288073539734, 0.0, 0.7071067690849304) 0.5644232034683228
flower (137.0555419921875, 8.720879554748535, -229.4382781982422) (0.0, 0.27609768509864807, 0.0, 0.7071067690849304) 0.5034459829330444
flower (173.3055419921875, 9.502412796020508, -205.83900451660156) (0.0, 0.2718491852283478, 0.0, 0.7071067690849304) 0.9984283447265625
flower (181.14915466308594, 9.660479545593262, -199.678955078125) (0.0, 0.47085168957710266, 0.0, 0.7071067690849304) 1.06730055809021
flower (181.49560546875, 9.767638206481934, -196.95037841796875) (0.0, 0.5600156784057617, 0.0, 0.7071067690849304) 0.8235471248626709
flower (48.76807403564453, 11.632110595703125, -144.8157196044922) (0.0, 0.24004358053207397, 0.0, 0.7071067690849304) 0.9761250019073486
flower (189.06814575195312, 9.612964630126953, -198.3445587158203) (0.0, 0.4795213043689728, 0.0, 0.7071067690849304) 0.7039620876312256
flower (122.37718963623047, 8.360157012939453, -239.4960174560547) (0.0, 0.2542417645454407, 0.0, 0.7071067690849304) 1.1927601099014282
flower (122.254638671875, 8.389274597167969, -238.35626220703125) (0.0, 0.30165401101112366, 0.0, 0.7071067690849304) 0.9321601986885071
flower (45.693843841552734, 11.760021209716797, -140.10092163085938) (0.0, 0.46071410179138184, 0.0, 0.7071067690849304) 1.1145803928375244
flower (58.26839828491211, 11.452425956726074, -154.2293701171875) (0.0, 0.6173443794250488, 0.0, 0.7071067690849304) 1.2090842723846436
flower (187.56166076660156, 9.809986114501953, -193.81520080566406) (0.0, 0.2788518965244293, 0.0, 0.7071067690849304) 1.194756031036377
flower (126.96993255615234, 8.562870979309082, -233.24891662597656) (0.0, 0.03144753351807594, 0.0, 0.7071067690849304) 1.2263377904891968
flower (138.02838134765625, 10.297642707824707, -193.96266174316406) (0.0, 0.07483484596014023, 0.0, 0.7071067690849304) 0.526870608329773
flower (124.43977355957031, 8.227655410766602, -245.6378936767578) (0.0, 0.23800376057624817, 0.0, 0.7071067690849304) 1.2268446683883667
flower (71.80961608886719, 21.625961303710938, -137.10882568359375) (0.0, 0.18045400083065033, 0.0, 0.7071067690849304) 1.2390992641448975
flower (54.041744232177734, 11.163909912109375, -157.13497924804688) (0.0, 0.3492448031902313, 0.0, 0.7071067690849304) 0.9370561838150024
flower (46.14949035644531, 11.825946807861328, -139.11154174804688) (0.0, 0.40842705965042114, 0.0, 0.7071067690849304) 1.0408508777618408
flower (131.28965759277344, 8.559346199035645, -233.85986328125) (0.0, 0.5929131507873535, 0.0, 0.7071067690849304) 1.1357285976409912
flower (128.33016967773438, 8.403375625610352, -238.89263916015625) (0.0, 0.6160475611686707, 0.0, 0.7071067690849304) 0.985693097114563
flower (32.45860290527344, 10.93346881866455, -146.8091583251953) (0.0, 0.06024807691574097, 0.0, 0.7071067690849304) 0.779154896736145
flower (121.42157745361328, 8.308967590332031, -241.3116455078125) (0.0, 0.09994500875473022, 0.0, 0.7071067690849304) 1.0711143016815186
flower (127.54490661621094, 8.61415958404541, -231.665283203125) (0.0, 0.02770548313856125, 0.0, 0.7071067690849304) 0.8690832257270813
flower (138.800537109375, 10.154788970947266, -196.70339965820312) (0.0, 0.4875551462173462, 0.0, 0.7071067690849304) 1.1808087825775146
flower (182.78790283203125, 9.593266487121582, -200.93795776367188) (0.0, 0.06742281466722488, 0.0, 0.7071067690849304) 0.9330277442932129
flower (44.76314926147461, 11.967562675476074, -135.27548217773438) (0.0, 0.5105963945388794, 0.0, 0.7071067690849304) 1.232818603515625
flower (53.71847915649414, 11.513763427734375, -150.33937072753906) (0.0, 0.22487391531467438, 0.0, 0.7071067690849304) 1.2023448944091797
flower (34.72956848144531, 11.098363876342773, -145.08673095703125) (0.0, 0.5259353518486023, 0.0, 0.7071067690849304) 0.624416708946228
flower (72.08841705322266, 21.84610939025879, -133.13722229003906) (0.0, 0.3117513060569763, 0.0, 0.7071067690849304) 0.952200174331665
flower (129.66314697265625, 8.438926696777344, -237.79771423339844) (0.0, 0.4687529504299164, 0.0, 0.7071067690849304) 0.6327677965164185
flower (124.4909439086914, 8.30768871307373, -242.0054931640625) (0.0, 0.1193167120218277, 0.0, 0.7071067690849304) 1.0516870021820068
flower (181.76364135742188, 9.64023208618164, -200.04757690429688) (0.0, 0.3385239839553833, 0.0, 0.7071067690849304) 1.1526533365249634
flower (124.75696563720703, 8.181316375732422, -248.08338928222656) (0.0, 0.23626452684402466, 0.0, 0.7071067690849304) 0.7494275569915771
flower (52.945526123046875, 11.502874374389648, -150.06912231445312) (0.0, 0.005579062737524509, 0.0, 0.7071067690849304) 0.7898328900337219
flower (129.01937866210938, 8.602736473083496, -232.21456909179688) (0.0, 0.6608884334564209, 0.0, 0.7071067690849304) 0.5356799960136414
flower (179.1893768310547, 9.862932205200195, -195.381103515625) (0.0, 0.6117729544639587, 0.0, 0.7071067690849304) 1.1936832666397095
flower (124.38819122314453, 8.575078010559082, -232.48284912109375) (0.0, 0.6091535091400146, 0.0, 0.7071067690849304) 0.7266098260879517
flower (122.06146240234375, 8.480347633361816, -235.1279296875) (0.0, 0.03007287159562111, 0.0, 0.7071067690849304) 0.673085629940033
flower (135.56224060058594, 8.787201881408691, -227.34954833984375) (0.0, 0.6358914971351624, 0.0, 0.7071067690849304) 0.5762403011322021
flower (137.59225463867188, 8.703125, -230.0062713623047) (0.0, 0.700194776058197, 0.0, 0.7071067690849304) 0.9937281608581543
flower (75.52104949951172, 22.056116104125977, -130.9413299560547) (0.0, 0.5178171992301941, 0.0, 0.7071067690849304) 0.895654559135437
flower (137.78817749023438, 8.744701385498047, -228.78509521484375) (0.0, 0.36928316950798035, 0.0, 0.7071067690849304) 0.8223028182983398
flower (33.493072509765625, 11.118928909301758, -143.68838500976562) (0.0, 0.17879164218902588, 0.0, 0.7071067690849304) 1.2443982362747192
flower (47.371864318847656, 11.475098609924316, -146.9274139404297) (0.0, 0.43742501735687256, 0.0, 0.7071067690849304) 0.5751349329948425
flower (176.66390991210938, 9.731045722961426, -199.3018035888672) (0.0, 0.6083688139915466, 0.0, 0.7071067690849304) 0.5957878828048706
flower (172.7477264404297, 9.568639755249023, -204.31414794921875) (0.0, 0.6221156120300293, 0.0, 0.7071067690849304) 0.9914144277572632
flower (187.1187744140625, 9.861210823059082, -192.7153778076172) (0.0, 0.3881743252277374, 0.0, 0.7071067690849304) 0.7623142004013062
flower (140.78355407714844, 8.802342414855957, -227.29075622558594) (0.0, 0.07401028275489807, 0.0, 0.7071067690849304) 1.194566011428833
flower (69.88748931884766, 21.560054779052734, -136.99668884277344) (0.0, 0.19341474771499634, 0.0, 0.7071067690849304) 0.7167749404907227
flower (134.88116455078125, 8.735499382019043, -228.80516052246094) (0.0, 0.3785634934902191, 0.0, 0.7071067690849304) 0.6368979215621948
flower (188.33091735839844, 9.789860725402832, -194.0583038330078) (0.0, 0.5310065150260925, 0.0, 0.7071067690849304) 1.1007609367370605
flower (129.91738891601562, 8.623799324035645, -231.65283203125) (0.0, 0.6960927248001099, 0.0, 0.7071067690849304) 0.7569558024406433
flower (139.52032470703125, 8.820347785949707, -226.67153930664062) (0.0, 0.027301548048853874, 0.0, 0.7071067690849304) 0.6657507419586182
flower (184.51856994628906, 9.890738487243652, -192.8951416015625) (0.0, 0.025048883631825447, 0.0, 0.7071067690849304) 1.1123137474060059
flower (58.5484504699707, 11.36856746673584, -155.9324493408203) (0.0, 0.3147050440311432, 0.0, 0.7071067690849304) 0.5648373961448669
flower (172.6033935546875, 9.689273834228516, -201.84445190429688) (0.0, 0.5316032767295837, 0.0, 0.7071067690849304) 1.20509672164917
flower (186.94886779785156, 9.805354118347168, -194.12619018554688) (0.0, 0.2298935204744339, 0.0, 0.7071067690849304) 1.2047932147979736
flower (130.08412170410156, 8.396988868713379, -239.40821838378906) (0.0, 0.08241689950227737, 0.0, 0.7071067690849304) 1.05503511428833
flower (185.3313751220703, 9.545256614685059, -201.38108825683594) (0.0, 0.6216723918914795, 0.0, 0.7071067690849304) 1.0787665843963623
flower (137.7694549560547, 8.86500358581543, -225.34280395507812) (0.0, 0.034850724041461945, 0.0, 0.7071067690849304) 0.9323348999023438
flower (189.6416778564453, 9.662267684936523, -196.899658203125) (0.0, 0.38999515771865845, 0.0, 0.7071067690849304) 0.608119010925293
flower (46.393096923828125, 12.058168411254883, -134.70980834960938) (0.0, 0.04432567209005356, 0.0, 0.7071067690849304) 0.8426340818405151
flower (122.21139526367188, 8.386541366577148, -238.4623260498047) (0.0, 0.02315480448305607, 0.0, 0.7071067690849304) 1.104959487915039
flower (121.60504150390625, 8.378296852111816, -238.6477813720703) (0.0, 0.6921322345733643, 0.0, 0.7071067690849304) 1.1118123531341553
flower (185.23660278320312, 9.848745346069336, -193.67906188964844) (0.0, 0.7022055387496948, 0.0, 0.7071067690849304) 1.11075758934021
flower (181.4698944091797, 9.847861289978027, -195.00955200195312) (0.0, 0.08525826781988144, 0.0, 0.7071067690849304) 0.6420612335205078
flower (136.65277099609375, 10.153322219848633, -196.80780029296875) (0.0, 0.2358507215976715, 0.0, 0.7071067690849304) 0.9934304356575012
flower (184.78109741210938, 9.950846672058105, -191.3913116455078) (0.0, 0.5240726470947266, 0.0, 0.7071067690849304) 0.9070597290992737
flower (119.55693054199219, 8.411906242370605, -237.10891723632812) (0.0, 0.642026960849762, 0.0, 0.7071067690849304) 0.9023204445838928
flower (118.04744720458984, 8.355772018432617, -238.7445526123047) (0.0, 0.386870801448822, 0.0, 0.7071067690849304) 0.621809720993042
flower (35.20745086669922, 11.235172271728516, -142.64601135253906) (0.0, 0.7014329433441162, 0.0, 0.7071067690849304) 0.9272201061248779
flower (35.026283264160156, 11.223398208618164, -142.74403381347656) (0.0, 0.17482799291610718, 0.0, 0.7071067690849304) 0.5475457310676575
flower (71.86129760742188, 21.50409698486328, -139.45298767089844) (0.0, 0.3610559403896332, 0.0, 0.7071067690849304) 0.5028022527694702
flower (22.753625869750977, 10.222331047058105, -154.8516082763672) (0.0, 0.0564090870320797, 0.0, 0.7071067690849304) 0.5634133815765381
flower (54.11872100830078, 11.445906639099121, -151.87364196777344) (0.0, 0.6094290614128113, 0.0, 0.7071067690849304) 1.0800527334213257
flower (57.498695373535156, 11.319364547729492, -156.2202606201172) (0.0, 0.6980301737785339, 0.0, 0.7071067690849304) 1.1644635200500488
flower (130.7964630126953, 8.437030792236328, -238.0648193359375) (0.0, 0.27976176142692566, 0.0, 0.7071067690849304) 0.5306276082992554
flower (177.39712524414062, 9.755478858947754, -198.4906463623047) (0.0, 0.29036498069763184, 0.0, 0.7071067690849304) 0.614165186882019
flower (124.10401916503906, 8.355993270874023, -239.92276000976562) (0.0, 0.5723270773887634, 0.0, 0.7071067690849304) 0.7842288613319397
flower (173.73019409179688, 9.658489227294922, -201.8323211669922) (0.0, 0.6802297234535217, 0.0, 0.7071067690849304) 1.147903323173523
flower (32.184688568115234, 10.962213516235352, -145.958251953125) (0.0, 0.39045825600624084, 0.0, 0.7071067690849304) 0.8519819974899292
flower (50.069271087646484, 11.612676620483398, -146.06246948242188) (0.0, 0.3555663228034973, 0.0, 0.7071067690849304) 0.6438905000686646
flower (58.08809280395508, 11.27164077758789, -157.4627685546875) (0.0, 0.6498163938522339, 0.0, 0.7071067690849304) 0.8824551105499268
flower (121.58212280273438, 8.2030668258667, -246.1798553466797) (0.0, 0.1045750081539154, 0.0, 0.7071067690849304) 0.6120403409004211
flower (123.58168029785156, 8.16451358795166, -248.71022033691406) (0.0, 0.18136335909366608, 0.0, 0.7071067690849304) 0.7384342551231384
flower (127.76055908203125, 8.577032089233398, -232.88902282714844) (0.0, 0.6356896162033081, 0.0, 0.7071067690849304) 0.8594587445259094
flower (46.01436996459961, 11.749642372131348, -140.48989868164062) (0.0, 0.6243907809257507, 0.0, 0.7071067690849304) 0.5066901445388794
flower (44.571250915527344, 11.93887710571289, -135.71385192871094) (0.0, 0.057577818632125854, 0.0, 0.7071067690849304) 0.8995967507362366
flower (45.32450485229492, 11.675132751464844, -141.46595764160156) (0.0, 0.23418861627578735, 0.0, 0.7071067690849304) 1.1376824378967285
flower (129.60174560546875, 8.476508140563965, -236.471923828125) (0.0, 0.14088140428066254, 0.0, 0.7071067690849304) 1.0226762294769287
flower (139.89344787597656, 8.847203254699707, -225.9239501953125) (0.0, 0.0946042463183403, 0.0, 0.7071067690849304) 1.1473774909973145
flower (123.48026275634766, 8.191414833068848, -247.26902770996094) (0.0, 0.21848024427890778, 0.0, 0.7071067690849304) 0.6000888347625732
flower (184.14479064941406, 9.685911178588867, -198.1515655517578) (0.0, 0.2681390941143036, 0.0, 0.7071067690849304) 1.141655445098877
flower (124.11552429199219, 8.179482460021973, -247.97921752929688) (0.0, 0.5047502517700195, 0.0, 0.7071067690849304) 0.7258672118186951
flower (74.45156860351562, 21.945476531982422, -132.52880859375) (0.0, 0.6579902768135071, 0.0, 0.7071067690849304) 0.9607019424438477
flower (186.66371154785156, 9.763908386230469, -195.26651000976562) (0.0, 0.38936951756477356, 0.0, 0.7071067690849304) 0.6502705812454224
flower (129.63632202148438, 8.66232967376709, -230.4654998779297) (0.0, 0.606052815914154, 0.0, 0.7071067690849304) 0.5113523006439209
flower (52.9764289855957, 11.338239669799805, -153.2167510986328) (0.0, 0.6080414652824402, 0.0, 0.7071067690849304) 0.5577889680862427
flower (126.54402923583984, 8.174954414367676, -248.93104553222656) (0.0, 0.30042973160743713, 0.0, 0.7071067690849304) 0.6032830476760864
flower (73.27875518798828, 21.873088836669922, -133.27500915527344) (0.0, 0.6163499355316162, 0.0, 0.7071067690849304) 0.8666958808898926
flower (22.447586059570312, 10.28498363494873, -153.2091522216797) (0.0, 0.4730626344680786, 0.0, 0.7071067690849304) 1.193469524383545
flower (137.09024047851562, 10.110803604125977, -197.61279296875) (0.0, 0.18910489976406097, 0.0, 0.7071067690849304) 0.9722581505775452
flower (249.58836364746094, 8.999144554138184, -236.4501953125) (0.0, 0.2378239631652832, 0.0, 0.7071067690849304) 0.7290666103363037
flower (139.07069396972656, 8.878545761108398, -224.9954071044922) (0.0, 0.3751124143600464, 0.0, 0.7071067690849304) 1.1653621196746826
flower (141.31423950195312, 10.307853698730469, -193.56370544433594) (0.0, 0.006097131408751011, 0.0, 0.7071067690849304) 0.715183436870575
flower (136.37083435058594, 10.351398468017578, -193.0386199951172) (0.0, 0.11134548485279083, 0.0, 0.7071067690849304) 0.6435121297836304
flower (50.13710403442383, 11.453248977661133, -149.21128845214844) (0.0, 0.3536563217639923, 0.0, 0.7071067690849304) 0.680707573890686
flower (123.97694396972656, 8.552433967590332, -233.1214599609375) (0.0, 0.6948831677436829, 0.0, 0.7071067690849304) 0.7419719696044922
flower (117.14652252197266, 8.380387306213379, -237.73533630371094) (0.0, 0.2813793420791626, 0.0, 0.7071067690849304) 0.6287660598754883
flower (132.8677215576172, 8.628929138183594, -231.8297882080078) (0.0, 0.206157848238945, 0.0, 0.7071067690849304) 1.1790797710418701
flower (49.76344299316406, 11.673434257507324, -144.66366577148438) (0.0, 0.5786208510398865, 0.0, 0.7071067690849304) 1.0281215906143188
flower (122.95150756835938, 8.221508026123047, -245.47251892089844) (0.0, 0.6664813160896301, 0.0, 0.7071067690849304) 1.218400478363037
flower (141.23565673828125, 8.84123420715332, -226.19992065429688) (0.0, 0.5076587796211243, 0.0, 0.7071067690849304) 0.9819737672805786
flower (46.391876220703125, 11.73689079284668, -141.0454864501953) (0.0, 0.3081890344619751, 0.0, 0.7071067690849304) 0.723955512046814
flower (182.0408172607422, 9.872313499450684, -194.23594665527344) (0.0, 0.626129686832428, 0.0, 0.7071067690849304) 0.9745666980743408
flower (128.27426147460938, 8.32087516784668, -242.20263671875) (0.0, 0.5661131143569946, 0.0, 0.7071067690849304) 0.6736646890640259
flower (78.47348022460938, 22.04645347595215, -132.65443420410156) (0.0, 0.4773186147212982, 0.0, 0.7071067690849304) 0.5839071273803711
flower (131.304443359375, 8.502402305603027, -235.8166046142578) (0.0, 0.40622782707214355, 0.0, 0.7071067690849304) 0.5360755324363708
flower (136.5118865966797, 8.771254539489746, -227.8828887939453) (0.0, 0.6744982004165649, 0.0, 0.7071067690849304) 0.7159373760223389
flower (120.4448013305664, 8.262945175170898, -243.04052734375) (0.0, 0.0976291298866272, 0.0, 0.7071067690849304) 0.7228245139122009
flower (57.24304962158203, 11.41623306274414, -154.28939819335938) (0.0, 0.44380706548690796, 0.0, 0.7071067690849304) 1.0378916263580322
flower (128.50680541992188, 8.300018310546875, -243.10877990722656) (0.0, 0.3851099908351898, 0.0, 0.7071067690849304) 0.9538092613220215
flower (34.48310470581055, 11.239699363708496, -141.97311401367188) (0.0, 0.6210825443267822, 0.0, 0.7071067690849304) 0.6018536686897278
flower (124.06966400146484, 8.552072525024414, -233.14263916015625) (0.0, 0.10035855323076248, 0.0, 0.7071067690849304) 0.6110726594924927
flower (182.8137664794922, 9.951183319091797, -192.0591583251953) (0.0, 0.25363972783088684, 0.0, 0.7071067690849304) 0.925972580909729
flower (140.78480529785156, 8.772899627685547, -228.10682678222656) (0.0, 0.3782472312450409, 0.0, 0.7071067690849304) 1.2203501462936401
flower (51.016807556152344, 11.393959045410156, -150.89122009277344) (0.0, 0.34154659509658813, 0.0, 0.7071067690849304) 0.9205719828605652
flower (44.65407180786133, 12.050593376159668, -133.47491455078125) (0.0, 0.302937388420105, 0.0, 0.7071067690849304) 0.9994523525238037
flower (131.0128631591797, 8.384073257446289, -240.04873657226562) (0.0, 0.0015930664958432317, 0.0, 0.7071067690849304) 0.860783040523529
flower (249.40231323242188, 8.6856107711792, -238.0692901611328) (0.0, 0.1687416434288025, 0.0, 0.7071067690849304) 1.2093675136566162
flower (120.74607849121094, 8.352953910827637, -239.3960418701172) (0.0, 0.6535417437553406, 0.0, 0.7071067690849304) 1.2201948165893555
flower (123.61490631103516, 8.373958587646484, -239.14208984375) (0.0, 0.29119569063186646, 0.0, 0.7071067690849304) 0.8224530220031738
flower (43.88278579711914, 11.602717399597168, -141.84689331054688) (0.0, 0.3500923812389374, 0.0, 0.7071067690849304) 0.6458086967468262
flower (125.99164581298828, 8.53784465789795, -233.9087371826172) (0.0, 0.3125198781490326, 0.0, 0.7071067690849304) 0.9768016338348389
flower (78.7572250366211, 21.963459014892578, -134.3723907470703) (0.0, 0.6240682005882263, 0.0, 0.7071067690849304) 0.8432974815368652
flower (139.49363708496094, 8.768533706665039, -228.18746948242188) (0.0, 0.0360654778778553, 0.0, 0.7071067690849304) 0.7684433460235596
flower (121.36918640136719, 8.22637939453125, -244.90052795410156) (0.0, 0.6796483397483826, 0.0, 0.7071067690849304) 0.5873121023178101
flower (123.88199615478516, 8.542895317077637, -233.4209442138672) (0.0, 0.19556213915348053, 0.0, 0.7071067690849304) 0.5894532203674316
flower (72.39746856689453, 21.8179874420166, -133.85671997070312) (0.0, 0.5613845586776733, 0.0, 0.7071067690849304) 1.15730881690979
flower (188.2791290283203, 9.742023468017578, -195.30511474609375) (0.0, 0.29122602939605713, 0.0, 0.7071067690849304) 0.9857449531555176
flower (72.7537841796875, 21.985361099243164, -130.8385772705078) (0.0, 0.06653672456741333, 0.0, 0.7071067690849304) 1.1231637001037598
flower (59.242218017578125, 11.520034790039062, -153.5332794189453) (0.0, 0.6405971050262451, 0.0, 0.7071067690849304) 0.9305605888366699
flower (134.6142578125, 10.506119728088379, -190.23641967773438) (0.0, 0.28228694200515747, 0.0, 0.7071067690849304) 0.8512107133865356
flower (136.55758666992188, 8.63100528717041, -232.1837615966797) (0.0, 0.06581339985132217, 0.0, 0.7071067690849304) 0.5165984630584717
flower (133.5277862548828, 8.643572807312012, -231.44960021972656) (0.0, 0.2554456293582916, 0.0, 0.7071067690849304) 0.7260425090789795
flower (124.3639907836914, 8.397194862365723, -238.44644165039062) (0.0, 0.13714879751205444, 0.0, 0.7071067690849304) 0.5238363742828369
flower (249.73822021484375, 8.259411811828613, -241.4428253173828) (0.0, 0.35373157262802124, 0.0, 0.7071067690849304) 0.5579641461372375
flower (122.19166564941406, 8.320100784301758, -240.9956817626953) (0.0, 0.09077326953411102, 0.0, 0.7071067690849304) 0.5716171264648438
flower (50.404964447021484, 11.422450065612793, -149.95640563964844) (0.0, 0.05331315100193024, 0.0, 0.7071067690849304) 1.2125744819641113
flower (138.3039093017578, 8.792830467224121, -227.4484100341797) (0.0, 0.013647823594510555, 0.0, 0.7071067690849304) 1.2420560121536255
flower (35.63189697265625, 11.347710609436035, -140.66336059570312) (0.0, 0.5649509429931641, 0.0, 0.7071067690849304) 1.1235662698745728
flower (45.26641845703125, 11.941584587097168, -136.20579528808594) (0.0, 0.22970572113990784, 0.0, 0.7071067690849304) 0.8795345425605774
flower (135.04177856445312, 8.65882396697998, -231.13409423828125) (0.0, 0.5875388383865356, 0.0, 0.7071067690849304) 0.9598478078842163
flower (187.94432067871094, 9.782983779907227, -194.33230590820312) (0.0, 0.27300477027893066, 0.0, 0.7071067690849304) 1.0524741411209106
flower (185.65341186523438, 9.920318603515625, -191.80142211914062) (0.0, 0.2793682813644409, 0.0, 0.7071067690849304) 0.6621898412704468
flower (76.43216705322266, 21.81035041809082, -136.08670043945312) (0.0, 0.04950568825006485, 0.0, 0.7071067690849304) 0.9026765823364258
flower (74.96625518798828, 22.075681686401367, -130.30230712890625) (0.0, 0.43461811542510986, 0.0, 0.7071067690849304) 1.2442454099655151
flower (183.79808044433594, 9.538005828857422, -202.0537872314453) (0.0, 0.6383615732192993, 0.0, 0.7071067690849304) 0.5612335205078125
flower (187.31275939941406, 9.642504692077637, -198.13758850097656) (0.0, 0.5549052953720093, 0.0, 0.7071067690849304) 0.8601075410842896
flower (43.63316345214844, 12.005067825317383, -133.5975799560547) (0.0, 0.23841097950935364, 0.0, 0.7071067690849304) 0.7169057130813599
flower (186.7353973388672, 9.5953950881958, -199.59512329101562) (0.0, 0.33926156163215637, 0.0, 0.7071067690849304) 0.8651014566421509
flower (129.17349243164062, 8.447503089904785, -237.3793182373047) (0.0, 0.2936834394931793, 0.0, 0.7071067690849304) 1.2394810914993286
flower (134.34559631347656, 10.075750350952148, -198.33612060546875) (0.0, 0.2780103087425232, 0.0, 0.7071067690849304) 0.6775857210159302
flower (130.93582153320312, 8.660801887512207, -230.6943817138672) (0.0, 0.4233614504337311, 0.0, 0.7071067690849304) 0.636429488658905
flower (184.17596435546875, 9.980378150939941, -190.90721130371094) (0.0, 0.4650903046131134, 0.0, 0.7071067690849304) 0.8367519378662109
flower (128.2982177734375, 8.420190811157227, -238.29957580566406) (0.0, 0.33941125869750977, 0.0, 0.7071067690849304) 0.5392906665802002
flower (47.1705207824707, 11.624844551086426, -143.79742431640625) (0.0, 0.5106938481330872, 0.0, 0.7071067690849304) 1.0706486701965332
flower (132.23179626464844, 8.508803367614746, -235.74981689453125) (0.0, 0.28853243589401245, 0.0, 0.7071067690849304) 0.6134089231491089
flower (130.59127807617188, 8.4286527633667, -238.30429077148438) (0.0, 0.08657839149236679, 0.0, 0.7071067690849304) 0.8283065557479858
flower (185.91070556640625, 9.846353530883789, -193.45858764648438) (0.0, 0.011416148394346237, 0.0, 0.7071067690849304) 0.6583234667778015
flower (183.68634033203125, 9.583320617675781, -200.91282653808594) (0.0, 0.6707450151443481, 0.0, 0.7071067690849304) 0.8338071703910828
flower (126.72981262207031, 8.231329917907715, -245.94200134277344) (0.0, 0.35082581639289856, 0.0, 0.7071067690849304) 0.5779862999916077
flower (48.47636795043945, 11.59166145324707, -145.4170379638672) (0.0, 0.5078960657119751, 0.0, 0.7071067690849304) 0.5563437342643738
flower (40.073158264160156, 11.847169876098633, -133.91015625) (0.0, 0.6739385724067688, 0.0, 0.7071067690849304) 0.5364996194839478
flower (73.59188842773438, 21.93160057067871, -132.3376007080078) (0.0, 0.479593962430954, 0.0, 0.7071067690849304) 0.7970374822616577
flower (183.58343505859375, 9.787076950073242, -195.78514099121094) (0.0, 0.35826507210731506, 0.0, 0.7071067690849304) 0.7428827285766602
flower (170.49827575683594, 9.555870056152344, -205.85116577148438) (0.0, 0.06441783159971237, 0.0, 0.7071067690849304) 0.8383315801620483
flower (49.12889099121094, 11.423725128173828, -149.08120727539062) (0.0, 0.497334748506546, 0.0, 0.7071067690849304) 0.754895806312561
flower (183.6837158203125, 9.759974479675293, -196.4012451171875) (0.0, 0.4457281231880188, 0.0, 0.7071067690849304) 0.5616444945335388
flower (139.24488830566406, 10.402154922485352, -191.94143676757812) (0.0, 0.6374607086181641, 0.0, 0.7071067690849304) 0.8950205445289612
flower (71.77424621582031, 21.88745880126953, -132.17347717285156) (0.0, 0.5768410563468933, 0.0, 0.7071067690849304) 0.9977560043334961
flower (124.02507781982422, 8.421072959899902, -237.49560546875) (0.0, 0.552119255065918, 0.0, 0.7071067690849304) 1.0271239280700684
flower (77.71149444580078, 22.018630981445312, -132.8195037841797) (0.0, 0.4022931754589081, 0.0, 0.7071067690849304) 1.1515376567840576
flower (34.0360107421875, 11.164655685424805, -143.16395568847656) (0.0, 0.0936710312962532, 0.0, 0.7071067690849304) 1.0530370473861694
flower (57.1754264831543, 11.27197265625, -156.9154815673828) (0.0, 0.643272340297699, 0.0, 0.7071067690849304) 0.9193957448005676
flower (123.9314956665039, 8.25211238861084, -244.3661346435547) (0.0, 0.3585328757762909, 0.0, 0.7071067690849304) 0.7768207788467407
flower (121.95155334472656, 8.23517894744873, -244.66806030273438) (0.0, 0.0973423570394516, 0.0, 0.7071067690849304) 0.5505658388137817
flower (49.315364837646484, 11.650177001953125, -144.80966186523438) (0.0, 0.06736575067043304, 0.0, 0.7071067690849304) 0.5431340336799622
flower (77.76728057861328, 21.99485206604004, -133.26040649414062) (0.0, 0.030480938032269478, 0.0, 0.7071067690849304) 0.8958826065063477
flower (55.50837707519531, 11.138957977294922, -158.44100952148438) (0.0, 0.4508938193321228, 0.0, 0.7071067690849304) 0.8629306554794312
flower (135.3157501220703, 8.566354751586914, -234.105224609375) (0.0, 0.6699467301368713, 0.0, 0.7071067690849304) 1.2191981077194214
flower (57.39393997192383, 11.232257843017578, -157.7613067626953) (0.0, 0.7016510963439941, 0.0, 0.7071067690849304) 0.8492584824562073
flower (58.423072814941406, 11.46425724029541, -154.09722900390625) (0.0, 0.5043855905532837, 0.0, 0.7071067690849304) 1.234511375427246
flower (122.59405517578125, 8.5266695022583, -233.71234130859375) (0.0, 0.36767780780792236, 0.0, 0.7071067690849304) 0.5699917078018188
flower (76.12553405761719, 22.071792602539062, -130.9805450439453) (0.0, 0.5230852961540222, 0.0, 0.7071067690849304) 1.0996588468551636
flower (46.0378532409668, 11.924174308776855, -137.0929412841797) (0.0, 0.09863028675317764, 0.0, 0.7071067690849304) 1.069374918937683
flower (133.39736938476562, 10.603110313415527, -188.43028259277344) (0.0, 0.5372877717018127, 0.0, 0.7071067690849304) 0.838885486125946
flower (122.84740447998047, 8.447507858276367, -236.40304565429688) (0.0, 0.08411557972431183, 0.0, 0.7071067690849304) 0.9458684921264648
flower (133.79969787597656, 8.617525100708008, -232.33729553222656) (0.0, 0.5728898048400879, 0.0, 0.7071067690849304) 1.1405620574951172
flower (53.9957275390625, 11.186256408691406, -156.67095947265625) (0.0, 0.37762370705604553, 0.0, 0.7071067690849304) 0.7572236657142639
flower (139.60763549804688, 10.148662567138672, -196.7340087890625) (0.0, 0.6456694006919861, 0.0, 0.7071067690849304) 0.5692559480667114
flower (122.64129638671875, 8.486019134521484, -235.07859802246094) (0.0, 0.42968711256980896, 0.0, 0.7071067690849304) 0.5776079893112183
flower (173.76124572753906, 9.58542251586914, -203.7059326171875) (0.0, 0.1050458773970604, 0.0, 0.7071067690849304) 1.1140865087509155
flower (58.61207962036133, 11.47963809967041, -153.93325805664062) (0.0, 0.0393061488866806, 0.0, 0.7071067690849304) 0.6099228858947754
flower (122.9638442993164, 8.14539909362793, -249.64285278320312) (0.0, 0.25926119089126587, 0.0, 0.7071067690849304) 1.1957366466522217
flower (54.15052032470703, 11.292816162109375, -154.76039123535156) (0.0, 0.6090288758277893, 0.0, 0.7071067690849304) 0.5987316370010376
flower (51.66149139404297, 11.369122505187988, -151.79026794433594) (0.0, 0.5586875081062317, 0.0, 0.7071067690849304) 0.5863394737243652
flower (74.42769622802734, 22.079288482666016, -129.90472412109375) (0.0, 0.6519841551780701, 0.0, 0.7071067690849304) 0.7506856918334961
flower (248.37330627441406, 9.179426193237305, -235.72987365722656) (0.0, 0.5639127492904663, 0.0, 0.7071067690849304) 0.936137318611145
flower (136.69285583496094, 10.159327507019043, -196.70448303222656) (0.0, 0.1767660677433014, 0.0, 0.7071067690849304) 0.5961792469024658
flower (173.1287841796875, 9.529029846191406, -205.19662475585938) (0.0, 0.09518814831972122, 0.0, 0.7071067690849304) 0.86634361743927
flower (127.96017456054688, 8.47885799407959, -236.1382598876953) (0.0, 0.36357927322387695, 0.0, 0.7071067690849304) 0.6176363229751587
flower (121.07070922851562, 8.30108642578125, -241.6018829345703) (0.0, 0.5290576815605164, 0.0, 0.7071067690849304) 0.5913176536560059
flower (171.72804260253906, 9.608502388000488, -203.63095092773438) (0.0, 0.282414048910141, 0.0, 0.7071067690849304) 0.5388703942298889
flower (138.38990783691406, 8.81382942199707, -226.78475952148438) (0.0, 0.2085326611995697, 0.0, 0.7071067690849304) 1.081936240196228
flower (120.98101043701172, 8.303627014160156, -241.46017456054688) (0.0, 0.37111926078796387, 0.0, 0.7071067690849304) 0.8834015727043152
flower (121.4182357788086, 8.319890975952148, -240.8582305908203) (0.0, 0.5745091438293457, 0.0, 0.7071067690849304) 1.0915058851242065
flower (125.45734405517578, 8.281404495239258, -243.35885620117188) (0.0, 0.2006828933954239, 0.0, 0.7071067690849304) 0.7340836524963379
flower (138.9779815673828, 10.277865409851074, -194.28399658203125) (0.0, 0.3061181306838989, 0.0, 0.7071067690849304) 1.0049009323120117
flower (71.96891021728516, 21.893795013427734, -132.15953063964844) (0.0, 0.48867228627204895, 0.0, 0.7071067690849304) 1.0401612520217896
flower (131.6332550048828, 10.667987823486328, -187.30703735351562) (0.0, 0.10149559378623962, 0.0, 0.7071067690849304) 1.0821518898010254
flower (137.10134887695312, 8.818280220031738, -226.57998657226562) (0.0, 0.16311554610729218, 0.0, 0.7071067690849304) 0.8715026378631592
flower (45.40616226196289, 11.74899673461914, -140.09866333007812) (0.0, 0.3296942114830017, 0.0, 0.7071067690849304) 0.8930721282958984
flower (124.42091369628906, 8.31652545928955, -241.55792236328125) (0.0, 0.4406885504722595, 0.0, 0.7071067690849304) 1.019608497619629
flower (78.21467590332031, 21.875545501708984, -135.7578582763672) (0.0, 0.6948480010032654, 0.0, 0.7071067690849304) 0.5586427450180054
flower (131.69100952148438, 10.584033966064453, -188.83201599121094) (0.0, 0.19835343956947327, 0.0, 0.7071067690849304) 1.136918067932129
flower (57.25777053833008, 11.231268882751465, -157.7000274658203) (0.0, 0.19070538878440857, 0.0, 0.7071067690849304) 0.6060903072357178
flower (130.79408264160156, 8.434852600097656, -238.13926696777344) (0.0, 0.6124346852302551, 0.0, 0.7071067690849304) 0.9414156675338745
flower (127.14505004882812, 8.386578559875488, -239.31187438964844) (0.0, 0.35609257221221924, 0.0, 0.7071067690849304) 0.5499815344810486
flower (122.7603530883789, 8.52027702331543, -233.9550018310547) (0.0, 0.1495659351348877, 0.0, 0.7071067690849304) 1.1329771280288696
flower (141.43746948242188, 10.279825210571289, -194.12509155273438) (0.0, 0.08640390634536743, 0.0, 0.7071067690849304) 0.8386259078979492
flower (29.318004608154297, 10.656222343444824, -150.27142333984375) (0.0, 0.005099347326904535, 0.0, 0.7071067690849304) 0.638496994972229
flower (140.4059295654297, 8.869782447814941, -225.341552734375) (0.0, 0.0100550577044487, 0.0, 0.7071067690849304) 0.5479409694671631
flower (127.77095794677734, 8.610495567321777, -231.78363037109375) (0.0, 0.0022510632406920195, 0.0, 0.7071067690849304) 1.1260309219360352
flower (133.25669860839844, 8.51572036743164, -235.52822875976562) (0.0, 0.2477947175502777, 0.0, 0.7071067690849304) 0.7407566905021667
flower (129.90347290039062, 8.465950012207031, -236.90757751464844) (0.0, 0.5866929888725281, 0.0, 0.7071067690849304) 0.8975679874420166
flower (173.74423217773438, 9.494590759277344, -205.9310302734375) (0.0, 0.15743954479694366, 0.0, 0.7071067690849304) 0.6389337778091431
flower (121.87120056152344, 8.194339752197266, -246.63006591796875) (0.0, 0.02903631143271923, 0.0, 0.7071067690849304) 0.7865046262741089
flower (124.89512634277344, 8.27133560180664, -243.62989807128906) (0.0, 0.49139657616615295, 0.0, 0.7071067690849304) 1.0723702907562256
flower (140.2747344970703, 10.212332725524902, -195.49432373046875) (0.0, 0.18628746271133423, 0.0, 0.7071067690849304) 0.8824767470359802
flower (184.07070922851562, 9.719380378723145, -197.30726623535156) (0.0, 0.2625163495540619, 0.0, 0.7071067690849304) 1.2401912212371826
flower (127.4703140258789, 8.47744083404541, -236.18704223632812) (0.0, 0.6044050455093384, 0.0, 0.7071067690849304) 1.1719197034835815
flower (138.39939880371094, 8.844160079956055, -226.00242614746094) (0.0, 0.44352805614471436, 0.0, 0.7071067690849304) 0.6743375062942505
flower (182.70445251464844, 9.773017883300781, -196.3873748779297) (0.0, 0.6271321177482605, 0.0, 0.7071067690849304) 1.1581003665924072
flower (32.13167190551758, 11.160565376281738, -141.72488403320312) (0.0, 0.07570366561412811, 0.0, 0.7071067690849304) 0.8266637325286865
flower (168.84982299804688, 9.62658405303955, -204.87416076660156) (0.0, 0.25405293703079224, 0.0, 0.7071067690849304) 0.8904207348823547
flower (184.8802032470703, 9.751527786254883, -196.26170349121094) (0.0, 0.05613530054688454, 0.0, 0.7071067690849304) 1.1337158679962158
flower (136.24713134765625, 10.147494316101074, -196.94435119628906) (0.0, 0.6288114786148071, 0.0, 0.7071067690849304) 0.9523602724075317
flower (139.244140625, 10.41025161743164, -191.79428100585938) (0.0, 0.6552560925483704, 0.0, 0.7071067690849304) 1.0755188465118408
flower (121.44878387451172, 8.201197624206543, -246.23936462402344) (0.0, 0.05515429377555847, 0.0, 0.7071067690849304) 0.5808141231536865
flower (44.76237487792969, 13.252195358276367, -106.43183898925781) (0.0, 0.11431295424699783, 0.0, 0.7071067690849304) 0.9640650749206543
flower (179.71414184570312, 9.873730659484863, -194.95370483398438) (0.0, 0.45626500248908997, 0.0, 0.7071067690849304) 0.5263015031814575
flower (134.9694366455078, 10.430641174316406, -191.5987091064453) (0.0, 0.34432002902030945, 0.0, 0.7071067690849304) 1.17185640335083
flower (137.4716796875, 10.132165908813477, -197.1720428466797) (0.0, 0.5446570515632629, 0.0, 0.7071067690849304) 1.172248363494873
flower (121.43621063232422, 8.324104309082031, -240.66287231445312) (0.0, 0.4667297303676605, 0.0, 0.7071067690849304) 0.771969199180603
flower (127.29346466064453, 8.452814102172852, -237.00538635253906) (0.0, 0.14790964126586914, 0.0, 0.7071067690849304) 0.897938072681427
flower (189.03892517089844, 9.607590675354004, -198.52284240722656) (0.0, 0.14770269393920898, 0.0, 0.7071067690849304) 0.5429565906524658
flower (183.79661560058594, 9.708123207092285, -197.6661376953125) (0.0, 0.20320335030555725, 0.0, 0.7071067690849304) 0.5006555318832397
flower (72.33985900878906, 21.583818435668945, -138.19268798828125) (0.0, 0.665722131729126, 0.0, 0.7071067690849304) 0.5857575535774231
flower (73.65614318847656, 21.480037689208984, -140.7883758544922) (0.0, 0.6360639333724976, 0.0, 0.7071067690849304) 0.6280651092529297
flower (130.77378845214844, 8.474716186523438, -236.76153564453125) (0.0, 0.34897252917289734, 0.0, 0.7071067690849304) 0.601047933101654
flower (139.88401794433594, 8.833902359008789, -226.32289123535156) (0.0, 0.007227763067930937, 0.0, 0.7071067690849304) 0.6793009042739868
flower (121.97661590576172, 8.219728469848633, -245.32034301757812) (0.0, 0.37877634167671204, 0.0, 0.7071067690849304) 1.1247773170471191
flower (55.380611419677734, 11.415549278259277, -153.21153259277344) (0.0, 0.34461143612861633, 0.0, 0.7071067690849304) 0.6037616729736328
flower (139.15908813476562, 8.920884132385254, -223.90147399902344) (0.0, 0.4157413840293884, 0.0, 0.7071067690849304) 0.762194037437439
flower (127.76687622070312, 8.431665420532227, -237.76129150390625) (0.0, 0.40372809767723083, 0.0, 0.7071067690849304) 1.0962536334991455
flower (128.83001708984375, 8.655303001403809, -230.5581817626953) (0.0, 0.5482777953147888, 0.0, 0.7071067690849304) 0.6670844554901123
flower (119.83880615234375, 8.17232894897461, -247.27755737304688) (0.0, 0.37819772958755493, 0.0, 0.7071067690849304) 0.5691232681274414
flower (132.98963928222656, 8.659660339355469, -230.89634704589844) (0.0, 0.29566267132759094, 0.0, 0.7071067690849304) 0.6322670578956604
flower (127.2295150756836, 8.345418930053711, -240.9757080078125) (0.0, 0.2771493196487427, 0.0, 0.7071067690849304) 0.6811519265174866
flower (125.27864837646484, 8.534034729003906, -233.9022216796875) (0.0, 0.27387839555740356, 0.0, 0.7071067690849304) 0.9394205808639526
flower (44.6819953918457, 11.77879524230957, -138.91050720214844) (0.0, 0.005681732203811407, 0.0, 0.7071067690849304) 0.5324258804321289
flower (120.01416015625, 8.341651916503906, -239.7057342529297) (0.0, 0.22891302406787872, 0.0, 0.7071067690849304) 0.91347736120224
flower (125.45793914794922, 8.525829315185547, -234.1987762451172) (0.0, 0.05180513486266136, 0.0, 0.7071067690849304) 1.105647325515747
flower (52.06826400756836, 11.465420722961426, -150.2184295654297) (0.0, 0.6637828350067139, 0.0, 0.7071067690849304) 0.9776811599731445
flower (132.5270233154297, 8.481531143188477, -236.69705200195312) (0.0, 0.5075217485427856, 0.0, 0.7071067690849304) 0.7613793015480042
flower (55.96873092651367, 11.385334014892578, -154.137939453125) (0.0, 0.5854685306549072, 0.0, 0.7071067690849304) 0.933571457862854
flower (74.2742691040039, 21.491273880004883, -140.90121459960938) (0.0, 0.22944533824920654, 0.0, 0.7071067690849304) 1.2278611660003662
flower (187.87893676757812, 9.732669830322266, -195.64700317382812) (0.0, 0.1966640204191208, 0.0, 0.7071067690849304) 1.003964900970459
flower (126.95032501220703, 8.548727989196777, -233.6332244873047) (0.0, 0.6597084403038025, 0.0, 0.7071067690849304) 0.997921884059906
flower (125.2806167602539, 8.18776798248291, -247.87196350097656) (0.0, 0.26298925280570984, 0.0, 0.7071067690849304) 0.932704508304596
flower (132.47740173339844, 8.515336036682129, -235.53448486328125) (0.0, 0.35885918140411377, 0.0, 0.7071067690849304) 1.0677908658981323
flower (138.88815307617188, 10.193047523498535, -195.93716430664062) (0.0, 0.31919199228286743, 0.0, 0.7071067690849304) 0.8231022953987122
flower (123.94764709472656, 8.395323753356934, -238.45362854003906) (0.0, 0.6389931440353394, 0.0, 0.7071067690849304) 0.9304732084274292
flower (48.3860969543457, 11.505319595336914, -147.0253143310547) (0.0, 0.31009265780448914, 0.0, 0.7071067690849304) 0.8121198415756226
flower (119.30805206298828, 8.265809059143066, -242.56796264648438) (0.0, 0.022846372798085213, 0.0, 0.7071067690849304) 1.1311650276184082
flower (129.3807373046875, 8.395074844360352, -239.35214233398438) (0.0, 0.32882219552993774, 0.0, 0.7071067690849304) 0.5443510413169861
flower (122.25904846191406, 8.261970520019531, -243.50941467285156) (0.0, 0.4377034306526184, 0.0, 0.7071067690849304) 0.6892735958099365
flower (72.74288177490234, 21.576374053955078, -138.588134765625) (0.0, 0.4716109335422516, 0.0, 0.7071067690849304) 0.5144569277763367
flower (123.40658569335938, 8.349308013916016, -240.0828857421875) (0.0, 0.3023880422115326, 0.0, 0.7071067690849304) 1.1906654834747314
flower (185.71421813964844, 9.645153999328613, -198.68898010253906) (0.0, 0.020495843142271042, 0.0, 0.7071067690849304) 0.545173168182373
flower (129.9659881591797, 8.36698055267334, -240.52276611328125) (0.0, 0.1326243281364441, 0.0, 0.7071067690849304) 0.5673273801803589
flower (171.29617309570312, 9.710960388183594, -202.49855041503906) (0.0, 0.4043937921524048, 0.0, 0.7071067690849304) 0.7099462747573853
flower (74.29879760742188, 22.068056106567383, -130.05918884277344) (0.0, 0.1999371498823166, 0.0, 0.7071067690849304) 0.8010731339454651
flower (138.53150939941406, 10.411795616149902, -191.79263305664062) (0.0, 0.11540413647890091, 0.0, 0.7071067690849304) 0.5133167505264282
flower (131.21182250976562, 8.667403221130371, -230.46734619140625) (0.0, 0.2753611207008362, 0.0, 0.7071067690849304) 1.2065989971160889
flower (143.4965362548828, 10.286667823791504, -193.7884979248047) (0.0, 0.025458382442593575, 0.0, 0.7071067690849304) 1.0580952167510986
flower (51.443607330322266, 11.36122989654541, -151.81829833984375) (0.0, 0.31457942724227905, 0.0, 0.7071067690849304) 1.0538545846939087
flower (43.55421829223633, 13.211647987365723, -106.17715454101562) (0.0, 0.17792275547981262, 0.0, 0.7071067690849304) 0.801904559135437
flower (56.123046875, 11.436328887939453, -153.27084350585938) (0.0, 0.05624109134078026, 0.0, 0.7071067690849304) 1.1792452335357666
flower (124.07940673828125, 8.297181129455566, -242.32826232910156) (0.0, 0.6338589787483215, 0.0, 0.7071067690849304) 0.5232299566268921
flower (189.1257781982422, 9.667522430419922, -196.89309692382812) (0.0, 0.65096116065979, 0.0, 0.7071067690849304) 0.9609757661819458
flower (45.230777740478516, 11.856783866882324, -137.8251953125) (0.0, 0.05766068026423454, 0.0, 0.7071067690849304) 0.6443766355514526
flower (128.34376525878906, 8.343688011169434, -241.121826171875) (0.0, 0.4038794934749603, 0.0, 0.7071067690849304) 1.1484856605529785
flower (131.8999481201172, 8.62298583984375, -231.96051025390625) (0.0, 0.25949031114578247, 0.0, 0.7071067690849304) 0.7852782011032104
flower (68.84712219238281, 21.488555908203125, -136.46292114257812) (0.0, 0.12000404298305511, 0.0, 0.7071067690849304) 0.5298753976821899
flower (49.423397064208984, 11.664203643798828, -144.62718200683594) (0.0, 0.46198803186416626, 0.0, 0.7071067690849304) 1.077067255973816
flower (128.3076629638672, 8.460929870605469, -236.75489807128906) (0.0, 0.5272048711776733, 0.0, 0.7071067690849304) 0.5035914182662964
flower (138.71371459960938, 8.796066284179688, -227.34976196289062) (0.0, 0.5757840871810913, 0.0, 0.7071067690849304) 1.2064294815063477
flower (131.8895263671875, 8.658880233764648, -230.8087615966797) (0.0, 0.6079635620117188, 0.0, 0.7071067690849304) 1.1164032220840454
flower (139.3721160888672, 8.855508804321289, -225.70973205566406) (0.0, 0.5431404709815979, 0.0, 0.7071067690849304) 1.0435705184936523
flower (126.62151336669922, 8.179898262023926, -248.70443725585938) (0.0, 0.629119873046875, 0.0, 0.7071067690849304) 0.507204532623291
flower (124.2844467163086, 8.300106048583984, -242.25094604492188) (0.0, 0.43412795662879944, 0.0, 0.7071067690849304) 0.5173844695091248
flower (71.39277648925781, 21.69330596923828, -135.65802001953125) (0.0, 0.6176865696907043, 0.0, 0.7071067690849304) 0.9250894784927368
flower (137.18414306640625, 10.321379661560059, -193.56045532226562) (0.0, 0.0947534441947937, 0.0, 0.7071067690849304) 0.6395083069801331
