flower (-184.37344360351562, 10.326237678527832, -329.43377685546875) (0.0, 0.1061752438545227, 0.0, 0.7071067690849304) 0.7462395429611206
flower (-179.0230255126953, 10.326237678527832, -340.9779052734375) (0.0, 0.42407870292663574, 0.0, 0.7071067690849304) 0.5216671228408813
flower (-189.7897186279297, 10.326237678527832, -338.4515686035156) (0.0, 0.6116491556167603, 0.0, 0.7071067690849304) 0.8974144458770752
flower (-137.97312927246094, 7.8948655128479, -325.9432067871094) (0.0, 0.48790496587753296, 0.0, 0.7071067690849304) 0.9182577729225159
flower (-206.0517120361328, 7.91719913482666, -276.36822509765625) (0.0, 0.21349738538265228, 0.0, 0.7071067690849304) 1.1172068119049072
flower (-144.4643096923828, 7.8948655128479, -329.2399597167969) (0.0, 0.6784505248069763, 0.0, 0.7071067690849304) 1.154371738433838
flower (-139.7240753173828, 7.8948655128479, -322.68731689453125) (0.0, 0.6521084904670715, 0.0, 0.7071067690849304) 0.8993471264839172
flower (-140.7818145751953, 7.8948655128479, -323.1916198730469) (0.0, 0.22174400091171265, 0.0, 0.7071067690849304) 0.5056849718093872
flower (-187.42401123046875, 10.326237678527832, -331.6693420410156) (0.0, 0.08505967259407043, 0.0, 0.7071067690849304) 0.9607368111610413
flower (-142.0143280029297, 7.8948655128479, -322.4981994628906) (0.0, 0.4677644371986389, 0.0, 0.7071067690849304) 0.7643264532089233
flower (-204.00840759277344, 10.320574760437012, -329.8756408691406) (0.0, 0.37513232231140137, 0.0, 0.7071067690849304) 0.9217764139175415
flower (-194.67388916015625, 10.326237678527832, -331.7553405761719) (0.0, 0.14802496135234833, 0.0, 0.7071067690849304) 0.7864829897880554
flower (-145.1091766357422, 7.8948655128479, -326.0419921875) (0.0, 0.45560353994369507, 0.0, 0.7071067690849304) 0.5706847906112671
flower (-143.71841430664062, 7.8948655128479, -327.3174743652344) (0.0, 0.36627405881881714, 0.0, 0.7071067690849304) 1.2176259756088257
flower (-198.59861755371094, 10.326237678527832, -338.0411376953125) (0.0, 0.1463996022939682, 0.0, 0.7071067690849304) 0.746816873550415
flower (-190.80709838867188, 10.326237678527832, -335.5567321777344) (0.0, 0.08353311568498611, 0.0, 0.7071067690849304) 0.8028056621551514
flower (-188.87054443359375, 10.326237678527832, -331.31207275390625) (0.0, 0.2257004976272583, 0.0, 0.7071067690849304) 0.6926099061965942
flower (-179.46827697753906, 10.32015609741211, -325.6416931152344) (0.0, 0.49160683155059814, 0.0, 0.7071067690849304) 0.6487714052200317
flower (-141.44546508789062, 7.8948655128479, -327.6199645996094) (0.0, 0.2488693743944168, 0.0, 0.7071067690849304) 0.7780551314353943
flower (-181.59603881835938, 10.306483268737793, -325.806640625) (0.0, 0.6121754050254822, 0.0, 0.7071067690849304) 0.8730175495147705
flower (-195.59115600585938, 7.980712413787842, -267.2610778808594) (0.0, 0.23139588534832, 0.0, 0.7071067690849304) 1.223759412765503
flower (-197.05731201171875, 8.027905464172363, -264.9852600097656) (0.0, 0.4743291437625885, 0.0, 0.7071067690849304) 1.1042354106903076
flower (-195.50942993164062, 10.326237678527832, -331.9337463378906) (0.0, 0.1284705102443695, 0.0, 0.7071067690849304) 0.9483321905136108
flower (-189.63116455078125, 10.326237678527832, -333.23443603515625) (0.0, 0.03739394620060921, 0.0, 0.7071067690849304) 0.5886396169662476
flower (-185.27984619140625, 10.326237678527832, -331.65606689453125) (0.0, 0.24732865393161774, 0.0, 0.7071067690849304) 0.99211186170578
flower (-193.962158203125, 10.326237678527832, -339.70050048828125) (0.0, 0.013218515552580357, 0.0, 0.7071067690849304) 1.1044189929962158
flower (-136.52992248535156, 7.907232284545898, -320.5257568359375) (0.0, 0.15546707808971405, 0.0, 0.7071067690849304) 0.8112540245056152
flower (-196.01284790039062, 10.326237678527832, -331.6774597167969) (0.0, 0.31999707221984863, 0.0, 0.7071067690849304) 1.0534038543701172
flower (-138.41844177246094, 7.8948655128479, -321.3722229003906) (0.0, 0.05197279527783394, 0.0, 0.7071067690849304) 0.5410714149475098
flower (-205.70188903808594, 10.249795913696289, -329.5094299316406) (0.0, 0.497140109539032, 0.0, 0.7071067690849304) 1.1980011463165283
flower (-141.51722717285156, 7.8948655128479, -329.5072326660156) (0.0, 0.6308580040931702, 0.0, 0.7071067690849304) 1.0122015476226807
flower (-139.6544647216797, 7.8948655128479, -324.47515869140625) (0.0, 0.05279103294014931, 0.0, 0.7071067690849304) 0.724753201007843
flower (-139.31614685058594, 7.8948655128479, -323.3937683105469) (0.0, 0.5736832618713379, 0.0, 0.7071067690849304) 0.6856518983840942
flower (-180.02540588378906, 10.326237678527832, -338.5096740722656) (0.0, 0.09321761876344681, 0.0, 0.7071067690849304) 0.8885983228683472
flower (-184.92245483398438, 10.326237678527832, -330.5851135253906) (0.0, 0.6441656947135925, 0.0, 0.7071067690849304) 1.2097399234771729
flower (-136.245849609375, 7.8948655128479, -323.8305358886719) (0.0, 0.11539208143949509, 0.0, 0.7071067690849304) 0.5173273086547852
flower (-135.33502197265625, 7.928980350494385, -320.7607727050781) (0.0, 0.632823646068573, 0.0, 0.7071067690849304) 1.1508997678756714
flower (-146.18592834472656, 7.8948655128479, -328.97100830078125) (0.0, 0.4261351525783539, 0.0, 0.7071067690849304) 1.1050077676773071
flower (-144.0398712158203, 7.8948655128479, -331.5744323730469) (0.0, 0.05612940341234207, 0.0, 0.7071067690849304) 0.6510060429573059
flower (-205.20132446289062, 7.925506114959717, -275.0231628417969) (0.0, 0.20653708279132843, 0.0, 0.7071067690849304) 0.5792089700698853
flower (-137.13890075683594, 7.8948655128479, -324.9299621582031) (0.0, 0.14067445695400238, 0.0, 0.7071067690849304) 0.7424309253692627
flower (-190.46414184570312, 10.326237678527832, -342.7950134277344) (0.0, 0.5580437183380127, 0.0, 0.7071067690849304) 1.2021863460540771
flower (-145.44439697265625, 7.8948655128479, -329.7950744628906) (0.0, 0.5773166418075562, 0.0, 0.7071067690849304) 0.7970110177993774
flower (-245.02444458007812, 7.8948655128479, -354.23834228515625) (0.0, 0.5165315270423889, 0.0, 0.7071067690849304) 1.1893302202224731
flower (-196.33639526367188, 10.326237678527832, -335.0835266113281) (0.0, 0.44850534200668335, 0.0, 0.7071067690849304) 1.1804845333099365
flower (-195.6155242919922, 8.020230293273926, -264.83978271484375) (0.0, 0.5226007103919983, 0.0, 0.7071067690849304) 0.6752158403396606
flower (-195.0098876953125, 10.326237678527832, -341.2671203613281) (0.0, 0.5530832409858704, 0.0, 0.7071067690849304) 1.0079096555709839
flower (-180.43673706054688, 10.32603931427002, -326.96826171875) (0.0, 0.16900582611560822, 0.0, 0.7071067690849304) 1.2338032722473145
flower (-145.83944702148438, 7.8948655128479, -334.6324462890625) (0.0, 0.6508803367614746, 0.0, 0.7071067690849304) 0.720284104347229
flower (-196.6887664794922, 10.326237678527832, -333.0013732910156) (0.0, 0.2470807582139969, 0.0, 0.7071067690849304) 1.136784553527832
flower (-138.478515625, 7.8948655128479, -322.4061279296875) (0.0, 0.7054834365844727, 0.0, 0.7071067690849304) 0.9343233108520508
flower (-193.4031219482422, 10.326237678527832, -339.9060974121094) (0.0, 0.41005662083625793, 0.0, 0.7071067690849304) 0.7784225940704346
flower (-203.34268188476562, 10.326237678527832, -332.4068908691406) (0.0, 0.23032468557357788, 0.0, 0.7071067690849304) 0.6439113616943359
flower (-196.14833068847656, 10.326237678527832, -336.27362060546875) (0.0, 0.5606951713562012, 0.0, 0.7071067690849304) 1.0622164011001587
flower (-189.25457763671875, 10.326237678527832, -334.6025085449219) (0.0, 0.6601706147193909, 0.0, 0.7071067690849304) 1.1985043287277222
flower (-179.49879455566406, 10.324517250061035, -326.2768249511719) (0.0, 0.4387977421283722, 0.0, 0.7071067690849304) 1.1069998741149902
flower (-140.59519958496094, 7.8948655128479, -322.0594482421875) (0.0, 0.3613414466381073, 0.0, 0.7071067690849304) 0.5146270990371704
flower (-181.90008544921875, 10.326237678527832, -329.8885803222656) (0.0, 0.4319779574871063, 0.0, 0.7071067690849304) 0.9521011710166931
flower (-185.1925811767578, 10.326237678527832, -332.3627014160156) (0.0, 0.5395061373710632, 0.0, 0.7071067690849304) 1.172196865081787
flower (-247.14547729492188, 7.8948655128479, -353.6459655761719) (0.0, 0.15706461668014526, 0.0, 0.7071067690849304) 1.162297248840332
flower (-134.073974609375, 7.948600769042969, -321.097900390625) (0.0, 0.1344386637210846, 0.0, 0.7071067690849304) 1.1308495998382568
flower (-192.0220184326172, 10.326237678527832, -340.38043212890625) (0.0, 0.3384683430194855, 0.0, 0.7071067690849304) 0.9095925092697144
flower (-199.5447235107422, 10.326237678527832, -344.635498046875) (0.0, 0.4004855751991272, 0.0, 0.7071067690849304) 0.589165449142456
flower (-198.43833923339844, 10.326237678527832, -332.4761962890625) (0.0, 0.4886361360549927, 0.0, 0.7071067690849304) 1.0632741451263428
flower (-173.96514892578125, 7.8948655128479, -274.8238220214844) (0.0, 0.5219994187355042, 0.0, 0.7071067690849304) 1.1713979244232178
flower (-142.3867950439453, 7.8948655128479, -329.1084289550781) (0.0, 0.40824010968208313, 0.0, 0.7071067690849304) 0.7884645462036133
flower (-180.1229705810547, 10.326237678527832, -334.8101806640625) (0.0, 0.6947377920150757, 0.0, 0.7071067690849304) 0.95536208152771
flower (-243.06332397460938, 7.8948655128479, -354.01171875) (0.0, 0.4208585321903229, 0.0, 0.7071067690849304) 0.8016687631607056
flower (-182.46299743652344, 10.326237678527832, -328.50604248046875) (0.0, 0.10201180726289749, 0.0, 0.7071067690849304) 0.6361027956008911
flower (-182.3190460205078, 10.326237678527832, -328.87579345703125) (0.0, 0.17130914330482483, 0.0, 0.7071067690849304) 1.1574534177780151
flower (-145.57772827148438, 7.8948655128479, -324.51593017578125) (0.0, 0.05520562827587128, 0.0, 0.7071067690849304) 1.1714202165603638
flower (-194.2547607421875, 10.326237678527832, -342.55078125) (0.0, 0.517556369304657, 0.0, 0.7071067690849304) 0.8047457933425903
flower (-143.78750610351562, 7.8948655128479, -326.997802734375) (0.0, 0.29938244819641113, 0.0, 0.7071067690849304) 0.82829749584198
flower (-195.7569122314453, 10.326237678527832, -342.0851135253906) (0.0, 0.6560776233673096, 0.0, 0.7071067690849304) 0.8007949590682983
flower (-199.61476135253906, 10.326237678527832, -341.1780700683594) (0.0, 0.6327944397926331, 0.0, 0.7071067690849304) 0.5601415634155273
flower (-196.32374572753906, 7.991982936859131, -266.7550048828125) (0.0, 0.539077639579773, 0.0, 0.7071067690849304) 1.0500348806381226
flower (-202.56393432617188, 10.326237678527832, -330.4866943359375) (0.0, 0.5738794803619385, 0.0, 0.7071067690849304) 0.7999051809310913
flower (-202.65817260742188, 10.326237678527832, -332.8038330078125) (0.0, 0.3138337731361389, 0.0, 0.7071067690849304) 0.570643424987793
flower (-175.61196899414062, 7.8948655128479, -273.0776672363281) (0.0, 0.3908883333206177, 0.0, 0.7071067690849304) 0.8423048257827759
flower (-197.4685821533203, 7.959029197692871, -269.61224365234375) (0.0, 0.2294337898492813, 0.0, 0.7071067690849304) 1.175104022026062
flower (-142.51422119140625, 7.8948655128479, -322.88653564453125) (0.0, 0.01947336085140705, 0.0, 0.7071067690849304) 0.9173948764801025
flower (-195.8712921142578, 7.9997687339782715, -266.04290771484375) (0.0, 0.5487264394760132, 0.0, 0.7071067690849304) 0.8774186372756958
flower (-185.0662841796875, 10.326237678527832, -330.2370300292969) (0.0, 0.6705635786056519, 0.0, 0.7071067690849304) 0.74928218126297
flower (-197.92259216308594, 10.326237678527832, -343.312744140625) (0.0, 0.04412859305739403, 0.0, 0.7071067690849304) 1.2052547931671143
flower (-185.58460998535156, 10.326237678527832, -332.1572265625) (0.0, 0.4046826660633087, 0.0, 0.7071067690849304) 0.6602206826210022
flower (-133.28636169433594, 8.056883811950684, -320.1200256347656) (0.0, 0.6978145837783813, 0.0, 0.7071067690849304) 0.5259312391281128
flower (-141.49253845214844, 7.8948655128479, -325.1972351074219) (0.0, 0.705331027507782, 0.0, 0.7071067690849304) 0.9644691944122314
flower (-184.35459899902344, 10.326237678527832, -332.7036437988281) (0.0, 0.17666062712669373, 0.0, 0.7071067690849304) 0.8119302988052368
flower (-189.11170959472656, 10.326237678527832, -332.5364990234375) (0.0, 0.4795824885368347, 0.0, 0.7071067690849304) 1.1373400688171387
flower (-198.94265747070312, 10.326237678527832, -332.1116027832031) (0.0, 0.3708122670650482, 0.0, 0.7071067690849304) 0.8680782318115234
flower (-144.6256103515625, 7.8948655128479, -328.65301513671875) (0.0, 0.3837716579437256, 0.0, 0.7071067690849304) 1.0069869756698608
flower (-200.10244750976562, 7.938286781311035, -272.2403564453125) (0.0, 0.003665089840069413, 0.0, 0.7071067690849304) 0.7167067527770996
flower (-139.41770935058594, 7.8948655128479, -325.8988952636719) (0.0, 0.37741363048553467, 0.0, 0.7071067690849304) 0.7265011072158813
flower (-144.44541931152344, 7.8948655128479, -323.70355224609375) (0.0, 0.1072271466255188, 0.0, 0.7071067690849304) 0.6439425349235535
flower (-202.1627960205078, 10.326237678527832, -330.5164489746094) (0.0, 0.5965097546577454, 0.0, 0.7071067690849304) 0.9360476136207581
flower (-194.7195587158203, 10.326237678527832, -338.58612060546875) (0.0, 0.09801594913005829, 0.0, 0.7071067690849304) 0.6961493492126465
flower (-138.64654541015625, 7.8948655128479, -324.86639404296875) (0.0, 0.4679804742336273, 0.0, 0.7071067690849304) 1.2228055000305176
flower (-197.98934936523438, 10.326237678527832, -339.3311462402344) (0.0, 0.6347693800926208, 0.0, 0.7071067690849304) 1.144957423210144
flower (-182.4898681640625, 10.326237678527832, -328.3336181640625) (0.0, 0.51084303855896, 0.0, 0.7071067690849304) 1.0812349319458008
flower (-142.26853942871094, 7.8948655128479, -329.35833740234375) (0.0, 0.483647882938385, 0.0, 0.7071067690849304) 0.5387845039367676
flower (-195.28948974609375, 10.326237678527832, -336.062744140625) (0.0, 0.5963653922080994, 0.0, 0.7071067690849304) 1.0930757522583008
flower (-144.1936492919922, 7.8948655128479, -331.8985290527344) (0.0, 0.15287192165851593, 0.0, 0.7071067690849304) 1.186244010925293
flower (-141.03680419921875, 7.8948655128479, -324.0773010253906) (0.0, 0.4162503480911255, 0.0, 0.7071067690849304) 0.7810310125350952
flower (-188.66842651367188, 10.326237678527832, -342.1706237792969) (0.0, 0.42092469334602356, 0.0, 0.7071067690849304) 1.0085866451263428
flower (-195.2472381591797, 10.326237678527832, -340.81317138671875) (0.0, 0.40245476365089417, 0.0, 0.7071067690849304) 1.2293281555175781
flower (-167.61392211914062, 7.899595737457275, -250.56419372558594) (0.0, 0.6355777382850647, 0.0, 0.7071067690849304) 1.1418828964233398
flower (-190.26625061035156, 10.326237678527832, -342.0084533691406) (0.0, 0.4016346037387848, 0.0, 0.7071067690849304) 0.893925130367279
flower (-196.810546875, 10.326237678527832, -338.2405090332031) (0.0, 0.3079938292503357, 0.0, 0.7071067690849304) 0.9293549656867981
flower (-178.78097534179688, 10.326237678527832, -326.8519592285156) (0.0, 0.32481124997138977, 0.0, 0.7071067690849304) 1.1922383308410645
flower (-189.52268981933594, 10.326237678527832, -333.9413146972656) (0.0, 0.4490390121936798, 0.0, 0.7071067690849304) 0.7240376472473145
flower (-191.700927734375, 10.326237678527832, -336.4527893066406) (0.0, 0.7035784721374512, 0.0, 0.7071067690849304) 0.9542805552482605
flower (-137.10791015625, 7.8948655128479, -323.2866516113281) (0.0, 0.23710796236991882, 0.0, 0.7071067690849304) 1.201965570449829
flower (-195.7369384765625, 7.965613842010498, -268.44482421875) (0.0, 0.043011363595724106, 0.0, 0.7071067690849304) 0.6490328311920166
flower (-206.94667053222656, 10.173662185668945, -329.87457275390625) (0.0, 0.4761887490749359, 0.0, 0.7071067690849304) 1.1325008869171143
flower (-198.3459014892578, 10.326237678527832, -341.5846252441406) (0.0, 0.44002261757850647, 0.0, 0.7071067690849304) 0.718967854976654
flower (-196.1815948486328, 10.326237678527832, -334.3014221191406) (0.0, 0.6077448129653931, 0.0, 0.7071067690849304) 1.222104549407959
flower (-141.10940551757812, 7.8948655128479, -323.0329284667969) (0.0, 0.6129951477050781, 0.0, 0.7071067690849304) 0.9024057388305664
flower (-135.0478515625, 7.95782995223999, -320.3869323730469) (0.0, 0.11579897254705429, 0.0, 0.7071067690849304) 0.5583994388580322
flower (-136.23928833007812, 7.8948655128479, -324.4730224609375) (0.0, 0.311729371547699, 0.0, 0.7071067690849304) 0.7935110926628113
flower (-137.99095153808594, 7.8948655128479, -324.4686279296875) (0.0, 0.004953350406140089, 0.0, 0.7071067690849304) 0.6719011068344116
flower (-178.3390655517578, 7.8948655128479, -274.6666259765625) (0.0, 0.20169273018836975, 0.0, 0.7071067690849304) 0.5361083745956421
flower (-192.97630310058594, 10.326237678527832, -338.8866882324219) (0.0, 0.11324705928564072, 0.0, 0.7071067690849304) 1.1119093894958496
flower (-142.49301147460938, 7.8948655128479, -324.7920837402344) (0.0, 0.0804213285446167, 0.0, 0.7071067690849304) 0.843768835067749
flower (-136.04641723632812, 7.8948655128479, -323.49163818359375) (0.0, 0.0891726166009903, 0.0, 0.7071067690849304) 0.9609135389328003
flower (-196.62356567382812, 8.009526252746582, -265.8960266113281) (0.0, 0.4071264863014221, 0.0, 0.7071067690849304) 1.0588622093200684
flower (-137.4287567138672, 7.8948655128479, -322.7550048828125) (0.0, 0.41636374592781067, 0.0, 0.7071067690849304) 0.8266937732696533
flower (-141.1082763671875, 7.8948655128479, -324.3828430175781) (0.0, 0.2414844036102295, 0.0, 0.7071067690849304) 1.1974729299545288
flower (-244.02272033691406, 7.8948655128479, -354.0312194824219) (0.0, 0.25619441270828247, 0.0, 0.7071067690849304) 1.0024486780166626
flower (-178.9734344482422, 10.326237678527832, -326.60205078125) (0.0, 0.38449347019195557, 0.0, 0.7071067690849304) 0.97037273645401
flower (-203.83953857421875, 10.324764251708984, -330.17718505859375) (0.0, 0.2953776717185974, 0.0, 0.7071067690849304) 1.151069164276123
flower (-185.33843994140625, 10.323463439941406, -329.5397033691406) (0.0, 0.4244502782821655, 0.0, 0.7071067690849304) 0.746530294418335
flower (-189.08029174804688, 10.326237678527832, -337.8076477050781) (0.0, 0.6158617734909058, 0.0, 0.7071067690849304) 0.6451513171195984
flower (-180.5927734375, 10.326237678527832, -329.09674072265625) (0.0, 0.2067420929670334, 0.0, 0.7071067690849304) 0.9760452508926392
flower (-188.25990295410156, 10.326237678527832, -331.9337463378906) (0.0, 0.40186142921447754, 0.0, 0.7071067690849304) 1.1923142671585083
flower (-144.0259246826172, 7.8948655128479, -326.9385681152344) (0.0, 0.08338947594165802, 0.0, 0.7071067690849304) 0.9224629402160645
flower (-188.41165161132812, 10.326237678527832, -337.593017578125) (0.0, 0.44280362129211426, 0.0, 0.7071067690849304) 0.5071448683738708
flower (-140.90579223632812, 7.8948655128479, -329.1932373046875) (0.0, 0.1622506082057953, 0.0, 0.7071067690849304) 1.208166480064392
flower (-138.50515747070312, 7.8948655128479, -322.104248046875) (0.0, 0.03530110418796539, 0.0, 0.7071067690849304) 0.7298182249069214
flower (-181.25486755371094, 10.326237678527832, -341.888671875) (0.0, 0.32040977478027344, 0.0, 0.7071067690849304) 0.888360857963562
flower (-201.28250122070312, 10.326237678527832, -330.7106018066406) (0.0, 0.658807098865509, 0.0, 0.7071067690849304) 1.033380150794983
flower (-193.58438110351562, 10.326237678527832, -337.1366271972656) (0.0, 0.4480266273021698, 0.0, 0.7071067690849304) 1.060219407081604
flower (-202.68309020996094, 10.326237678527832, -331.9761657714844) (0.0, 0.49934861063957214, 0.0, 0.7071067690849304) 1.1789355278015137
flower (-180.53013610839844, 10.326237678527832, -330.9968566894531) (0.0, 0.6055909991264343, 0.0, 0.7071067690849304) 1.0594314336776733
flower (-189.92333984375, 10.326237678527832, -339.1086120605469) (0.0, 0.36945784091949463, 0.0, 0.7071067690849304) 0.881034255027771
flower (-192.238037109375, 10.326237678527832, -341.6889953613281) (0.0, 0.1643468290567398, 0.0, 0.7071067690849304) 1.027957797050476
flower (-178.05999755859375, 10.326237678527832, -326.0703125) (0.0, 0.282108336687088, 0.0, 0.7071067690849304) 0.6925814151763916
flower (-181.55825805664062, 10.326237678527832, -328.7227783203125) (0.0, 0.32752761244773865, 0.0, 0.7071067690849304) 1.0959786176681519
flower (-144.7706756591797, 7.8948655128479, -324.1769714355469) (0.0, 0.21560195088386536, 0.0, 0.7071067690849304) 0.9576549530029297
flower (-178.12240600585938, 10.326237678527832, -326.4021911621094) (0.0, 0.09990126639604568, 0.0, 0.7071067690849304) 0.654724657535553
flower (-141.96974182128906, 7.8948655128479, -327.1228942871094) (0.0, 0.037645481526851654, 0.0, 0.7071067690849304) 0.8760941624641418
flower (-194.1588592529297, 10.326237678527832, -332.4141540527344) (0.0, 0.18667858839035034, 0.0, 0.7071067690849304) 1.008947491645813
flower (-145.723876953125, 7.8948655128479, -325.8082275390625) (0.0, 0.6565840840339661, 0.0, 0.7071067690849304) 0.671984076499939
flower (-142.9114990234375, 7.8948655128479, -332.4718933105469) (0.0, 0.5151476263999939, 0.0, 0.7071067690849304) 1.1067405939102173
flower (-178.81924438476562, 10.326237678527832, -329.1270751953125) (0.0, 0.2739749848842621, 0.0, 0.7071067690849304) 0.8120551705360413
flower (-137.20143127441406, 7.8948655128479, -321.9327697753906) (0.0, 0.01555522158741951, 0.0, 0.7071067690849304) 0.7138186693191528
flower (-195.1515655517578, 10.326237678527832, -337.52410888671875) (0.0, 0.021251453086733818, 0.0, 0.7071067690849304) 0.8574557304382324
flower (-184.03900146484375, 10.326237678527832, -331.9144287109375) (0.0, 0.5139142870903015, 0.0, 0.7071067690849304) 0.7964978218078613
flower (-177.51419067382812, 10.326237678527832, -328.1607666015625) (0.0, 0.005568610038608313, 0.0, 0.7071067690849304) 0.7138668298721313
flower (-180.69808959960938, 10.326237678527832, -341.3584899902344) (0.0, 0.5289003849029541, 0.0, 0.7071067690849304) 0.6260257959365845
flower (-144.42556762695312, 7.8948655128479, -326.1258850097656) (0.0, 0.1305687427520752, 0.0, 0.7071067690849304) 0.8770980834960938
flower (-203.60202026367188, 10.326237678527832, -331.9486389160156) (0.0, 0.19768835604190826, 0.0, 0.7071067690849304) 1.1328070163726807
flower (-193.3824462890625, 10.326237678527832, -333.25921630859375) (0.0, 0.11613378673791885, 0.0, 0.7071067690849304) 0.6050344705581665
flower (-181.1426239013672, 10.322900772094727, -326.64447021484375) (0.0, 0.5812186598777771, 0.0, 0.7071067690849304) 0.8856406211853027
flower (-194.5868682861328, 10.326237678527832, -337.9898376464844) (0.0, 0.06313344836235046, 0.0, 0.7071067690849304) 0.9629131555557251
flower (-197.2103729248047, 10.326237678527832, -332.28619384765625) (0.0, 0.14228497445583344, 0.0, 0.7071067690849304) 0.6416699886322021
flower (-203.0033416748047, 10.32424259185791, -329.21319580078125) (0.0, 0.26748910546302795, 0.0, 0.7071067690849304) 0.9102587699890137
flower (-181.6688232421875, 10.326237678527832, -327.9659729003906) (0.0, 0.2794085741043091, 0.0, 0.7071067690849304) 1.0234155654907227
flower (-190.22225952148438, 10.326237678527832, -342.99700927734375) (0.0, 0.3596581816673279, 0.0, 0.7071067690849304) 0.9021463394165039
flower (-191.97767639160156, 10.326237678527832, -332.0924377441406) (0.0, 0.23498351871967316, 0.0, 0.7071067690849304) 0.8726892471313477
flower (-196.30844116210938, 10.326237678527832, -346.0481872558594) (0.0, 0.2970674932003021, 0.0, 0.7071067690849304) 0.7428202033042908
flower (-137.9005889892578, 7.8948655128479, -323.3846740722656) (0.0, 0.24904564023017883, 0.0, 0.7071067690849304) 1.2247073650360107
flower (-141.67379760742188, 7.8948655128479, -330.89141845703125) (0.0, 0.26599767804145813, 0.0, 0.7071067690849304) 0.5043352842330933
flower (-141.276123046875, 7.8948655128479, -328.5112609863281) (0.0, 0.46392080187797546, 0.0, 0.7071067690849304) 0.8195281624794006
flower (-242.490234375, 7.8948655128479, -352.29937744140625) (0.0, 0.5399913787841797, 0.0, 0.7071067690849304) 0.5868415832519531
flower (-191.34539794921875, 10.326237678527832, -333.31488037109375) (0.0, 0.47928839921951294, 0.0, 0.7071067690849304) 0.5813876986503601
flower (-138.9817657470703, 7.8948655128479, -326.7950439453125) (0.0, 0.11220882087945938, 0.0, 0.7071067690849304) 1.1532468795776367
flower (-202.90452575683594, 10.326237678527832, -332.5440979003906) (0.0, 0.30758675932884216, 0.0, 0.7071067690849304) 0.8527553081512451
flower (-206.04193115234375, 10.30278491973877, -331.55169677734375) (0.0, 0.6342265009880066, 0.0, 0.7071067690849304) 0.82448410987854
flower (-245.14645385742188, 7.8948655128479, -355.35626220703125) (0.0, 0.44932839274406433, 0.0, 0.7071067690849304) 0.7942739725112915
flower (-193.99285888671875, 10.326237678527832, -333.2714538574219) (0.0, 0.3218487501144409, 0.0, 0.7071067690849304) 0.8727253079414368
flower (-136.44284057617188, 7.8948655128479, -324.4927673339844) (0.0, 0.6973492503166199, 0.0, 0.7071067690849304) 0.628984808921814
flower (-146.48330688476562, 7.8948655128479, -334.3105773925781) (0.0, 0.07528649270534515, 0.0, 0.7071067690849304) 1.2432748079299927
flower (-144.33181762695312, 7.8948655128479, -334.3044738769531) (0.0, 0.11232969164848328, 0.0, 0.7071067690849304) 0.5472971796989441
flower (-179.68606567382812, 10.326237678527832, -334.76617431640625) (0.0, 0.150251567363739, 0.0, 0.7071067690849304) 1.02351713180542
flower (-189.42445373535156, 10.326237678527832, -336.43084716796875) (0.0, 0.6537275910377502, 0.0, 0.7071067690849304) 0.9211723804473877
flower (-179.9217987060547, 10.326237678527832, -328.7928466796875) (0.0, 0.2212277054786682, 0.0, 0.7071067690849304) 1.1986302137374878
flower (-194.012939453125, 10.326237678527832, -343.26483154296875) (0.0, 0.3483886122703552, 0.0, 0.7071067690849304) 0.6911140084266663
flower (-191.04844665527344, 10.326237678527832, -343.209228515625) (0.0, 0.10735619813203812, 0.0, 0.7071067690849304) 1.1851962804794312
flower (-143.2550506591797, 7.8948655128479, -329.73681640625) (0.0, 0.23511214554309845, 0.0, 0.7071067690849304) 1.2244956493377686
flower (-194.45187377929688, 10.326237678527832, -344.1714172363281) (0.0, 0.19028981029987335, 0.0, 0.7071067690849304) 0.735495924949646
flower (-140.61587524414062, 7.8948655128479, -328.9513854980469) (0.0, 0.23501503467559814, 0.0, 0.7071067690849304) 0.7446624040603638
flower (-190.95730590820312, 10.326237678527832, -332.46673583984375) (0.0, 0.18738016486167908, 0.0, 0.7071067690849304) 0.5818662643432617
flower (-193.66717529296875, 10.326237678527832, -338.5982971191406) (0.0, 0.28053373098373413, 0.0, 0.7071067690849304) 1.1958203315734863
flower (-197.85922241210938, 10.326237678527832, -336.2960205078125) (0.0, 0.26037994027137756, 0.0, 0.7071067690849304) 1.21487557888031
flower (-195.85377502441406, 10.326237678527832, -341.1472473144531) (0.0, 0.08964423835277557, 0.0, 0.7071067690849304) 0.6182090640068054
flower (-196.08372497558594, 10.326237678527832, -337.35015869140625) (0.0, 0.6913436055183411, 0.0, 0.7071067690849304) 0.7714229226112366
flower (-194.39422607421875, 10.326237678527832, -337.88543701171875) (0.0, 0.5695132613182068, 0.0, 0.7071067690849304) 0.7950807809829712
flower (-188.1325225830078, 10.326237678527832, -332.62432861328125) (0.0, 0.28242889046669006, 0.0, 0.7071067690849304) 0.6370009779930115
flower (-242.8634796142578, 7.8948655128479, -356.2266540527344) (0.0, 0.42283621430397034, 0.0, 0.7071067690849304) 0.9670027494430542
flower (-241.6564178466797, 7.8948655128479, -354.9930419921875) (0.0, 0.2621312141418457, 0.0, 0.7071067690849304) 0.7268193960189819
flower (-206.1916046142578, 7.917357921600342, -276.35186767578125) (0.0, 0.49092790484428406, 0.0, 0.7071067690849304) 0.5028107762336731
flower (-241.40780639648438, 7.8948655128479, -352.9570007324219) (0.0, 0.3810853064060211, 0.0, 0.7071067690849304) 1.1680564880371094
flower (-140.04225158691406, 7.8948655128479, -326.8363952636719) (0.0, 0.4612565338611603, 0.0, 0.7071067690849304) 1.1097815036773682
