grass (-73.2099380493164, 23.7641544342041, 264.70703125) (0.0, 0.33920523524284363, 0.0, 0.7071067690849304) 1.0294829607009888
grass (-68.82292175292969, 23.91015625, 271.84820556640625) (0.0, 0.3609592616558075, 0.0, 0.7071067690849304) 0.7050356864929199
grass (-60.838401794433594, 19.954044342041016, 256.05316162109375) (0.0, 0.394262433052063, 0.0, 0.7071067690849304) 1.0727472305297852
grass (-53.39360046386719, 23.112960815429688, 276.8426513671875) (0.0, 0.48225823044776917, 0.0, 0.7071067690849304) 0.5868238210678101
grass (-59.889076232910156, 29.01474380493164, 305.4231872558594) (0.0, 0.30347931385040283, 0.0, 0.7071067690849304) 1.1048150062561035
grass (-64.77349853515625, 22.048986434936523, 264.8935852050781) (0.0, 0.052285272628068924, 0.0, 0.7071067690849304) 0.6142170429229736
grass (-65.15884399414062, 21.338973999023438, 259.547119140625) (0.0, 0.654310941696167, 0.0, 0.7071067690849304) 0.917309045791626
grass (-41.0390510559082, 18.23320198059082, 253.3386993408203) (0.0, 0.3670916259288788, 0.0, 0.7071067690849304) 1.1398849487304688
grass (-59.890567779541016, 29.536943435668945, 308.4099426269531) (0.0, 0.6865289211273193, 0.0, 0.7071067690849304) 0.9961228370666504
grass (-62.49773406982422, 20.899765014648438, 259.62091064453125) (0.0, 0.15832817554473877, 0.0, 0.7071067690849304) 0.5982189178466797
grass (-72.96878051757812, 28.911836624145508, 293.5714111328125) (0.0, 0.3348728120326996, 0.0, 0.7071067690849304) 0.9471423029899597
grass (-65.80072784423828, 20.904829025268555, 256.9261779785156) (0.0, 0.2173818051815033, 0.0, 0.7071067690849304) 1.1578377485275269
grass (-61.70916748046875, 21.13009262084961, 261.84100341796875) (0.0, 0.5856057405471802, 0.0, 0.7071067690849304) 0.5923765897750854
grass (-42.666255950927734, 23.750825881958008, 277.6025085449219) (0.0, 0.6187774538993835, 0.0, 0.7071067690849304) 0.7286937236785889
grass (-55.89491271972656, 18.06894302368164, 250.2077178955078) (0.0, 0.35939258337020874, 0.0, 0.7071067690849304) 0.8966296911239624
grass (-46.39720916748047, 22.840539932250977, 274.0597839355469) (0.0, 0.036198411136865616, 0.0, 0.7071067690849304) 0.8384849429130554
grass (-46.49966812133789, 23.640941619873047, 278.78814697265625) (0.0, 0.29867246747016907, 0.0, 0.7071067690849304) 0.9719424247741699
grass (-42.12337875366211, 23.002077102661133, 273.15301513671875) (0.0, 0.004432247020304203, 0.0, 0.7071067690849304) 0.6640545129776001
grass (-63.78495788574219, 20.47353744506836, 256.4267578125) (0.0, 0.460041344165802, 0.0, 0.7071067690849304) 0.8042207956314087
grass (-41.292606353759766, 17.753345489501953, 251.04922485351562) (0.0, 0.48144975304603577, 0.0, 0.7071067690849304) 0.6778274774551392
grass (-54.832279205322266, 20.929420471191406, 264.2153015136719) (0.0, 0.38332727551460266, 0.0, 0.7071067690849304) 1.1758893728256226
grass (-48.64895248413086, 21.15259552001953, 264.2896728515625) (0.0, 0.546026885509491, 0.0, 0.7071067690849304) 0.900009036064148
grass (-71.84332275390625, 23.41847038269043, 264.6421813964844) (0.0, 0.6601250171661377, 0.0, 0.7071067690849304) 1.1823793649673462
grass (-45.289695739746094, 22.2484073638916, 270.7791442871094) (0.0, 0.15786337852478027, 0.0, 0.7071067690849304) 0.5716860294342041
grass (-67.47001647949219, 23.430980682373047, 270.95037841796875) (0.0, 0.3309164047241211, 0.0, 0.7071067690849304) 1.1157926321029663
grass (-72.17169189453125, 23.199142456054688, 261.9570617675781) (0.0, 0.642385721206665, 0.0, 0.7071067690849304) 0.5553247928619385
grass (-64.57757568359375, 20.10544776916504, 254.36264038085938) (0.0, 0.09221123158931732, 0.0, 0.7071067690849304) 0.6963295936584473
grass (-67.9576416015625, 28.782455444335938, 299.7090759277344) (0.0, 0.5320842266082764, 0.0, 0.7071067690849304) 1.0177710056304932
grass (-41.87738800048828, 23.043737411499023, 273.0755310058594) (0.0, 0.4053705036640167, 0.0, 0.7071067690849304) 1.187123417854309
grass (-51.79995346069336, 18.081918716430664, 251.94293212890625) (0.0, 0.035922009497880936, 0.0, 0.7071067690849304) 0.7879124879837036
grass (-44.88658905029297, 21.721479415893555, 265.561279296875) (0.0, 0.40523865818977356, 0.0, 0.7071067690849304) 1.2360910177230835
grass (-57.735801696777344, 29.352994918823242, 302.8547668457031) (0.0, 0.08829183131456375, 0.0, 0.7071067690849304) 0.8033608794212341
grass (-68.19140625, 22.016311645507812, 260.0673522949219) (0.0, 0.5440396666526794, 0.0, 0.7071067690849304) 0.817520260810852
grass (-50.85837936401367, 21.696048736572266, 269.03314208984375) (0.0, 0.632622241973877, 0.0, 0.7071067690849304) 0.6094532012939453
grass (-42.76138687133789, 25.65178680419922, 284.7256164550781) (0.0, 0.10794515907764435, 0.0, 0.7071067690849304) 1.1450424194335938
grass (-37.00310134887695, 18.811317443847656, 254.5924835205078) (0.0, 0.6527994871139526, 0.0, 0.7071067690849304) 1.20466148853302
grass (-67.66563415527344, 22.842885971069336, 266.87176513671875) (0.0, 0.053344253450632095, 0.0, 0.7071067690849304) 0.6845032572746277
grass (-60.68563461303711, 21.018774032592773, 261.8594055175781) (0.0, 0.5336087346076965, 0.0, 0.7071067690849304) 1.157424807548523
grass (-58.67058181762695, 18.853351593017578, 252.28143310546875) (0.0, 0.42386072874069214, 0.0, 0.7071067690849304) 0.7843526005744934
grass (-67.8135757446289, 22.915874481201172, 267.0958557128906) (0.0, 0.5120927691459656, 0.0, 0.7071067690849304) 0.8241989612579346
grass (-49.94630813598633, 23.310781478881836, 277.9483642578125) (0.0, 0.09482349455356598, 0.0, 0.7071067690849304) 1.1901737451553345
grass (-54.938255310058594, 22.705413818359375, 273.6495056152344) (0.0, 0.3213328719139099, 0.0, 0.7071067690849304) 0.6029530763626099
grass (-46.34684371948242, 24.0843505859375, 280.6968688964844) (0.0, 0.40538230538368225, 0.0, 0.7071067690849304) 0.7150934934616089
grass (-67.31808471679688, 23.161968231201172, 268.974365234375) (0.0, 0.25989213585853577, 0.0, 0.7071067690849304) 1.1303746700286865
grass (-42.574703216552734, 23.683927536010742, 277.2558898925781) (0.0, 0.3427325189113617, 0.0, 0.7071067690849304) 1.05296790599823
grass (-33.87892150878906, 20.025224685668945, 258.27496337890625) (0.0, 0.14408978819847107, 0.0, 0.7071067690849304) 0.5876797437667847
grass (-55.34029006958008, 20.84923553466797, 263.5439758300781) (0.0, 0.5783848762512207, 0.0, 0.7071067690849304) 1.0704271793365479
grass (-67.80731964111328, 28.83119010925293, 300.6201477050781) (0.0, 0.5194108486175537, 0.0, 0.7071067690849304) 0.6683619022369385
grass (-36.92573165893555, 21.877811431884766, 265.233154296875) (0.0, 0.6438210606575012, 0.0, 0.7071067690849304) 0.9442068934440613
grass (-51.58317184448242, 18.023160934448242, 251.74510192871094) (0.0, 0.17965498566627502, 0.0, 0.7071067690849304) 1.1623696088790894
grass (-34.10023498535156, 18.135456085205078, 250.54722595214844) (0.0, 0.5176520347595215, 0.0, 0.7071067690849304) 1.120734453201294
grass (-55.00990295410156, 22.246171951293945, 271.4906311035156) (0.0, 0.6666222214698792, 0.0, 0.7071067690849304) 0.8119096159934998
grass (-49.46958923339844, 18.050729751586914, 251.98483276367188) (0.0, 0.11143854260444641, 0.0, 0.7071067690849304) 0.7673885822296143
grass (-44.97051239013672, 20.879222869873047, 261.9355773925781) (0.0, 0.28503525257110596, 0.0, 0.7071067690849304) 0.808047890663147
grass (-55.497467041015625, 22.25389289855957, 271.4178466796875) (0.0, 0.5670974850654602, 0.0, 0.7071067690849304) 0.6452909708023071
grass (-58.39616012573242, 20.632888793945312, 261.1650085449219) (0.0, 0.08308964222669601, 0.0, 0.7071067690849304) 1.2184548377990723
grass (-61.458885192871094, 23.135896682739258, 273.81451416015625) (0.0, 0.09693353623151779, 0.0, 0.7071067690849304) 0.6020615100860596
grass (-52.556453704833984, 22.73882484436035, 274.1759338378906) (0.0, 0.08551578223705292, 0.0, 0.7071067690849304) 1.010401725769043
grass (-67.98243713378906, 28.52740478515625, 298.06231689453125) (0.0, 0.47624287009239197, 0.0, 0.7071067690849304) 1.1383154392242432
grass (-38.67626190185547, 18.282716751098633, 252.89517211914062) (0.0, 0.6849654316902161, 0.0, 0.7071067690849304) 0.5437289476394653
grass (-65.4727783203125, 21.7934513092041, 262.30352783203125) (0.0, 0.2985718846321106, 0.0, 0.7071067690849304) 0.7465254068374634
grass (-54.056941986083984, 21.951372146606445, 270.2772521972656) (0.0, 0.2292764037847519, 0.0, 0.7071067690849304) 1.1292994022369385
grass (-38.733482360839844, 18.217029571533203, 252.62982177734375) (0.0, 0.08541589975357056, 0.0, 0.7071067690849304) 1.2034834623336792
grass (-76.7686996459961, 32.28342819213867, 305.9400329589844) (0.0, 0.5057649612426758, 0.0, 0.7071067690849304) 1.1452449560165405
grass (-59.51225662231445, 20.11954116821289, 257.62237548828125) (0.0, 0.012500417418777943, 0.0, 0.7071067690849304) 0.8922477960586548
grass (-63.06135559082031, 22.95106315612793, 271.9225769042969) (0.0, 0.027778059244155884, 0.0, 0.7071067690849304) 0.7154537439346313
grass (-50.217628479003906, 22.446962356567383, 272.5509948730469) (0.0, 0.05544637143611908, 0.0, 0.7071067690849304) 1.0443956851959229
grass (-50.389408111572266, 22.141233444213867, 271.1398010253906) (0.0, 0.4534670412540436, 0.0, 0.7071067690849304) 0.6417636871337891
grass (-58.07095718383789, 19.68434715270996, 256.33453369140625) (0.0, 0.2798328995704651, 0.0, 0.7071067690849304) 0.9271085262298584
grass (-56.844947814941406, 18.659282684326172, 252.51734924316406) (0.0, 0.4649614095687866, 0.0, 0.7071067690849304) 0.8682728409767151
grass (-36.07654571533203, 18.4450740814209, 252.45875549316406) (0.0, 0.5158180594444275, 0.0, 0.7071067690849304) 0.8456019163131714
grass (-66.07097625732422, 22.991485595703125, 269.49359130859375) (0.0, 0.06600339710712433, 0.0, 0.7071067690849304) 0.6577106714248657
grass (-46.398521423339844, 17.569570541381836, 250.7401123046875) (0.0, 0.32176673412323, 0.0, 0.7071067690849304) 0.6070342063903809
grass (-53.44730758666992, 23.19642448425293, 277.7216491699219) (0.0, 0.6659200191497803, 0.0, 0.7071067690849304) 0.9735314846038818
grass (-42.76758575439453, 22.871931076049805, 270.4147033691406) (0.0, 0.6313791871070862, 0.0, 0.7071067690849304) 1.060590147972107
grass (-72.01152801513672, 29.33432960510254, 298.2594299316406) (0.0, 0.5665131211280823, 0.0, 0.7071067690849304) 1.1289201974868774
grass (-58.10219192504883, 22.055986404418945, 270.0024108886719) (0.0, 0.5055931806564331, 0.0, 0.7071067690849304) 1.1741116046905518
grass (-33.67417907714844, 20.778762817382812, 261.3111877441406) (0.0, 0.3036715090274811, 0.0, 0.7071067690849304) 0.8744125366210938
grass (-39.64883041381836, 23.68825912475586, 273.0018615722656) (0.0, 0.2489464282989502, 0.0, 0.7071067690849304) 0.8607474565505981
grass (-62.77906799316406, 25.00531578063965, 283.3091735839844) (0.0, 0.5009365081787109, 0.0, 0.7071067690849304) 0.832646369934082
grass (-35.54105758666992, 19.345203399658203, 256.1990661621094) (0.0, 0.45631036162376404, 0.0, 0.7071067690849304) 0.8216204643249512
grass (-65.4028091430664, 28.757619857788086, 302.380859375) (0.0, 0.4445129334926605, 0.0, 0.7071067690849304) 0.7823816537857056
grass (-53.878902435302734, 18.020235061645508, 251.04241943359375) (0.0, 0.4347580671310425, 0.0, 0.7071067690849304) 1.238184928894043
grass (-32.98360061645508, 18.226593017578125, 250.6507568359375) (0.0, 0.6716628670692444, 0.0, 0.7071067690849304) 1.1341556310653687
grass (-61.99455261230469, 20.899532318115234, 260.1565856933594) (0.0, 0.4116160571575165, 0.0, 0.7071067690849304) 1.1900019645690918
grass (-41.64189147949219, 24.511367797851562, 280.50537109375) (0.0, 0.09428570419549942, 0.0, 0.7071067690849304) 1.1486443281173706
grass (-72.06410217285156, 26.138042449951172, 279.9954528808594) (0.0, 0.4368723928928375, 0.0, 0.7071067690849304) 0.6300656795501709
grass (-68.78876495361328, 23.786991119384766, 271.19696044921875) (0.0, 0.3160633444786072, 0.0, 0.7071067690849304) 0.615351676940918
grass (-65.19961547851562, 24.3013916015625, 278.4845886230469) (0.0, 0.3020836412906647, 0.0, 0.7071067690849304) 0.7739521265029907
grass (-53.82907485961914, 22.27777671813965, 271.8399658203125) (0.0, 0.5270149111747742, 0.0, 0.7071067690849304) 0.858208179473877
grass (-59.195457458496094, 29.375659942626953, 307.5589599609375) (0.0, 0.32862040400505066, 0.0, 0.7071067690849304) 0.8142004013061523
grass (-55.314422607421875, 21.197494506835938, 265.7086181640625) (0.0, 0.21260766685009003, 0.0, 0.7071067690849304) 0.9254549741744995
grass (-63.929378509521484, 21.53730010986328, 262.1554260253906) (0.0, 0.43629321455955505, 0.0, 0.7071067690849304) 1.004783272743225
grass (-71.23648834228516, 22.57871437072754, 259.4820861816406) (0.0, 0.23010104894638062, 0.0, 0.7071067690849304) 0.7600679397583008
grass (-49.928009033203125, 22.644691467285156, 273.48333740234375) (0.0, 0.2745978534221649, 0.0, 0.7071067690849304) 0.9382600784301758
grass (-52.597999572753906, 22.61705780029297, 273.53857421875) (0.0, 0.07564643025398254, 0.0, 0.7071067690849304) 0.6560285091400146
grass (-62.855899810791016, 19.6749210357666, 253.49688720703125) (0.0, 0.6935577392578125, 0.0, 0.7071067690849304) 1.0044341087341309
grass (-59.11391830444336, 19.140403747558594, 253.3573455810547) (0.0, 0.43479597568511963, 0.0, 0.7071067690849304) 0.9720422029495239
grass (-68.51166534423828, 22.927221298217773, 266.36224365234375) (0.0, 0.569540798664093, 0.0, 0.7071067690849304) 0.8607120513916016
grass (-43.56813430786133, 23.42777442932129, 276.4450988769531) (0.0, 0.5605186820030212, 0.0, 0.7071067690849304) 0.6669316291809082
grass (-39.08246612548828, 21.91756248474121, 266.2597961425781) (0.0, 0.25121039152145386, 0.0, 0.7071067690849304) 0.842507541179657
grass (-64.05007934570312, 20.92574119567871, 258.3703308105469) (0.0, 0.18664555251598358, 0.0, 0.7071067690849304) 1.0937761068344116
grass (-38.380802154541016, 17.847434997558594, 250.7865447998047) (0.0, 0.06702267378568649, 0.0, 0.7071067690849304) 0.6319385766983032
grass (-45.23974609375, 22.263399124145508, 268.8714904785156) (0.0, 0.04304061457514763, 0.0, 0.7071067690849304) 0.5232434272766113
grass (-69.98223114013672, 23.969715118408203, 270.6108093261719) (0.0, 0.3394366204738617, 0.0, 0.7071067690849304) 0.996394157409668
grass (-46.327354431152344, 22.182344436645508, 270.7121276855469) (0.0, 0.24391670525074005, 0.0, 0.7071067690849304) 0.6008185148239136
grass (-44.62403106689453, 21.484895706176758, 263.9383544921875) (0.0, 0.2242797315120697, 0.0, 0.7071067690849304) 1.0713794231414795
grass (-45.210540771484375, 23.58688735961914, 278.0721740722656) (0.0, 0.033009663224220276, 0.0, 0.7071067690849304) 0.9513905048370361
grass (-44.361114501953125, 22.724302291870117, 272.8896179199219) (0.0, 0.044529326260089874, 0.0, 0.7071067690849304) 1.0437099933624268
grass (-57.32107162475586, 19.905946731567383, 257.7049865722656) (0.0, 0.057616595178842545, 0.0, 0.7071067690849304) 0.8914886713027954
grass (-60.45729064941406, 20.744020462036133, 260.4488830566406) (0.0, 0.08475756645202637, 0.0, 0.7071067690849304) 1.186836838722229
grass (-66.1026840209961, 24.13018798828125, 275.4253234863281) (0.0, 0.19739897549152374, 0.0, 0.7071067690849304) 0.5833979249000549
grass (-40.582420349121094, 23.30773162841797, 271.1426086425781) (0.0, 0.10543345659971237, 0.0, 0.7071067690849304) 0.9094883799552917
grass (-49.536766052246094, 21.072399139404297, 265.76007080078125) (0.0, 0.05699029192328453, 0.0, 0.7071067690849304) 0.8585633039474487
grass (-48.53010177612305, 21.239906311035156, 265.1045227050781) (0.0, 0.5684105157852173, 0.0, 0.7071067690849304) 0.9322254657745361
grass (-50.598026275634766, 22.688627243041992, 273.719482421875) (0.0, 0.26121199131011963, 0.0, 0.7071067690849304) 0.6344820261001587
grass (-37.214996337890625, 22.83685874938965, 268.91278076171875) (0.0, 0.6219832897186279, 0.0, 0.7071067690849304) 0.7743741273880005
grass (-44.86280822753906, 23.543657302856445, 277.7255859375) (0.0, 0.10519515722990036, 0.0, 0.7071067690849304) 0.6732510328292847
grass (-71.20901489257812, 22.560260772705078, 259.40496826171875) (0.0, 0.3348161578178406, 0.0, 0.7071067690849304) 0.9214179515838623
grass (-61.75571823120117, 23.83099937438965, 276.58026123046875) (0.0, 0.0211129579693079, 0.0, 0.7071067690849304) 0.5654116868972778
grass (-67.0151138305664, 22.665712356567383, 266.6007995605469) (0.0, 0.5283167362213135, 0.0, 0.7071067690849304) 1.0845067501068115
grass (-54.61656951904297, 22.318647384643555, 271.9052429199219) (0.0, 0.6816466450691223, 0.0, 0.7071067690849304) 1.0920013189315796
grass (-37.21934509277344, 23.138835906982422, 270.0133972167969) (0.0, 0.2364797294139862, 0.0, 0.7071067690849304) 0.538942277431488
grass (-38.603782653808594, 17.891630172729492, 251.11627197265625) (0.0, 0.4848840534687042, 0.0, 0.7071067690849304) 0.5872998237609863
grass (-45.874595642089844, 23.104379653930664, 275.4664306640625) (0.0, 0.3223452568054199, 0.0, 0.7071067690849304) 0.7100305557250977
grass (-73.50486755371094, 29.572179794311523, 297.2806701660156) (0.0, 0.4256984293460846, 0.0, 0.7071067690849304) 1.0056151151657104
grass (-59.09138870239258, 20.225154876708984, 258.4493103027344) (0.0, 0.0015720773953944445, 0.0, 0.7071067690849304) 1.0796937942504883
grass (-36.46135330200195, 18.619834899902344, 253.46214294433594) (0.0, 0.2703177332878113, 0.0, 0.7071067690849304) 0.7207069993019104
grass (-48.75403594970703, 22.951051712036133, 275.04974365234375) (0.0, 0.47899118065834045, 0.0, 0.7071067690849304) 1.17680025100708
grass (-65.22399139404297, 20.732980728149414, 256.6257629394531) (0.0, 0.6392925977706909, 0.0, 0.7071067690849304) 1.1114928722381592
grass (-66.20097351074219, 28.523841857910156, 299.9433898925781) (0.0, 0.31703779101371765, 0.0, 0.7071067690849304) 0.6667874455451965
grass (-39.691627502441406, 27.249366760253906, 288.6542053222656) (0.0, 0.6004571914672852, 0.0, 0.7071067690849304) 1.182749629020691
grass (-36.50492477416992, 18.02509880065918, 250.404541015625) (0.0, 0.5972528457641602, 0.0, 0.7071067690849304) 0.575018048286438
grass (-61.568321228027344, 25.191139221191406, 283.8327331542969) (0.0, 0.6608946323394775, 0.0, 0.7071067690849304) 0.5889254808425903
grass (-40.543495178222656, 23.39509391784668, 273.5159912109375) (0.0, 0.6434580087661743, 0.0, 0.7071067690849304) 0.794874370098114
grass (-47.5290412902832, 21.486818313598633, 265.8802795410156) (0.0, 0.5500331521034241, 0.0, 0.7071067690849304) 0.5407955646514893
grass (-56.09864044189453, 22.00172996520996, 270.21826171875) (0.0, 0.46308082342147827, 0.0, 0.7071067690849304) 0.5263208150863647
grass (-43.889461517333984, 23.83125877380371, 278.56976318359375) (0.0, 0.5807346701622009, 0.0, 0.7071067690849304) 1.0360257625579834
grass (-70.5092544555664, 23.22815704345703, 265.5707702636719) (0.0, 0.5117194652557373, 0.0, 0.7071067690849304) 1.042290210723877
grass (-64.92739868164062, 25.042551040649414, 283.2858581542969) (0.0, 0.24159525334835052, 0.0, 0.7071067690849304) 1.08347749710083
grass (-60.024024963378906, 19.826709747314453, 255.95855712890625) (0.0, 0.19033895432949066, 0.0, 0.7071067690849304) 1.209978461265564
grass (-40.63242721557617, 23.61337661743164, 275.6615905761719) (0.0, 0.026168808341026306, 0.0, 0.7071067690849304) 0.9121977686882019
grass (-40.083946228027344, 23.543607711791992, 274.2580261230469) (0.0, 0.23934435844421387, 0.0, 0.7071067690849304) 0.9774985313415527
grass (-46.50259017944336, 23.246295928955078, 276.6241455078125) (0.0, 0.41172319650650024, 0.0, 0.7071067690849304) 1.0370900630950928
grass (-58.87413024902344, 19.565950393676758, 255.39553833007812) (0.0, 0.18816949427127838, 0.0, 0.7071067690849304) 0.9136664867401123
grass (-42.57965087890625, 23.323314666748047, 275.42669677734375) (0.0, 0.4844432771205902, 0.0, 0.7071067690849304) 1.0120575428009033
grass (-52.50269317626953, 23.083051681518555, 276.49432373046875) (0.0, 0.41384461522102356, 0.0, 0.7071067690849304) 0.7098819017410278
grass (-34.82127380371094, 18.189952850341797, 250.50514221191406) (0.0, 0.47647905349731445, 0.0, 0.7071067690849304) 0.5379782915115356
grass (-68.19254302978516, 22.302061080932617, 261.8668212890625) (0.0, 0.2971512973308563, 0.0, 0.7071067690849304) 0.6273009777069092
grass (-64.4286880493164, 20.760398864746094, 257.2746276855469) (0.0, 0.4840626120567322, 0.0, 0.7071067690849304) 0.9074856042861938
grass (-68.26197814941406, 28.8507022857666, 300.0660400390625) (0.0, 0.0923037901520729, 0.0, 0.7071067690849304) 0.9190238118171692
grass (-57.23369216918945, 20.684066772460938, 261.9642639160156) (0.0, 0.2571970820426941, 0.0, 0.7071067690849304) 0.6225503087043762
grass (-68.84098052978516, 22.97736167907715, 266.2673034667969) (0.0, 0.43082481622695923, 0.0, 0.7071067690849304) 0.8132436275482178
grass (-63.536582946777344, 21.733150482177734, 263.95623779296875) (0.0, 0.6851339340209961, 0.0, 0.7071067690849304) 1.219301700592041
grass (-58.341800689697266, 21.562822341918945, 267.0738830566406) (0.0, 0.46132564544677734, 0.0, 0.7071067690849304) 0.9560682773590088
grass (-38.30790710449219, 21.895492553710938, 265.573974609375) (0.0, 0.14952319860458374, 0.0, 0.7071067690849304) 0.8697502613067627
grass (-54.88693618774414, 23.141571044921875, 277.2184143066406) (0.0, 0.5946750640869141, 0.0, 0.7071067690849304) 1.2473124265670776
grass (-50.91667175292969, 21.514659881591797, 268.1996765136719) (0.0, 0.4561976492404938, 0.0, 0.7071067690849304) 0.7269719243049622
grass (-33.560035705566406, 21.801477432250977, 265.0646057128906) (0.0, 0.6152638792991638, 0.0, 0.7071067690849304) 0.5694137811660767
grass (-52.56402587890625, 20.6561336517334, 263.3398132324219) (0.0, 0.582257091999054, 0.0, 0.7071067690849304) 0.6911028623580933
grass (-58.91269302368164, 21.101093292236328, 263.356201171875) (0.0, 0.3199102580547333, 0.0, 0.7071067690849304) 1.0074219703674316
grass (-56.55449676513672, 21.663850784301758, 268.4114074707031) (0.0, 0.12355963885784149, 0.0, 0.7071067690849304) 0.946260392665863
grass (-60.97608947753906, 18.95418357849121, 251.4363555908203) (0.0, 0.15310069918632507, 0.0, 0.7071067690849304) 0.5559244155883789
grass (-66.44475555419922, 21.930870056152344, 262.00115966796875) (0.0, 0.12165577709674835, 0.0, 0.7071067690849304) 1.0555102825164795
grass (-65.57893371582031, 22.030696868896484, 263.7869567871094) (0.0, 0.004724408965557814, 0.0, 0.7071067690849304) 1.1961493492126465
grass (-54.381134033203125, 21.189743041992188, 266.0276184082031) (0.0, 0.5238604545593262, 0.0, 0.7071067690849304) 0.9094804525375366
grass (-66.67816925048828, 21.81954002380371, 260.64044189453125) (0.0, 0.23452217876911163, 0.0, 0.7071067690849304) 1.0041556358337402
grass (-41.787506103515625, 22.773117065429688, 268.6194763183594) (0.0, 0.5293236970901489, 0.0, 0.7071067690849304) 0.7969905138015747
grass (-72.89833068847656, 23.562591552734375, 263.3252868652344) (0.0, 0.5931544303894043, 0.0, 0.7071067690849304) 1.1794723272323608
grass (-50.84151077270508, 20.609224319458008, 262.9080505371094) (0.0, 0.6952922344207764, 0.0, 0.7071067690849304) 0.5419495105743408
grass (-54.960487365722656, 18.03642463684082, 250.54925537109375) (0.0, 0.10084973275661469, 0.0, 0.7071067690849304) 0.8803860545158386
grass (-38.584529876708984, 22.087100982666016, 266.7115783691406) (0.0, 0.17552947998046875, 0.0, 0.7071067690849304) 1.2474620342254639
grass (-52.48957824707031, 21.67904281616211, 269.0635986328125) (0.0, 0.4246361553668976, 0.0, 0.7071067690849304) 0.6417796015739441
grass (-61.49435043334961, 18.721908569335938, 250.0792694091797) (0.0, 0.1110568568110466, 0.0, 0.7071067690849304) 0.619092583656311
grass (-61.51646423339844, 23.705650329589844, 276.18634033203125) (0.0, 0.25336509943008423, 0.0, 0.7071067690849304) 1.1926352977752686
grass (-56.276798248291016, 22.21823501586914, 271.1681823730469) (0.0, 0.5737987160682678, 0.0, 0.7071067690849304) 0.9037861824035645
grass (-35.345375061035156, 20.253829956054688, 260.0365295410156) (0.0, 0.07839246094226837, 0.0, 0.7071067690849304) 1.1405093669891357
grass (-56.782127380371094, 23.104333877563477, 275.8320617675781) (0.0, 0.5596665740013123, 0.0, 0.7071067690849304) 0.6776293516159058
grass (-49.399314880371094, 22.497499465942383, 272.8512878417969) (0.0, 0.6709041595458984, 0.0, 0.7071067690849304) 1.217055082321167
grass (-60.69952392578125, 20.705974578857422, 260.0634765625) (0.0, 0.33649227023124695, 0.0, 0.7071067690849304) 0.7554563283920288
grass (-64.85372924804688, 20.515050888061523, 255.92970275878906) (0.0, 0.6753204464912415, 0.0, 0.7071067690849304) 0.6086143255233765
grass (-60.086666107177734, 29.678071975708008, 309.22479248046875) (0.0, 0.6858068704605103, 0.0, 0.7071067690849304) 1.2059545516967773
grass (-45.81821060180664, 23.291561126708984, 276.64996337890625) (0.0, 0.26605769991874695, 0.0, 0.7071067690849304) 0.7211912274360657
grass (-47.96039962768555, 22.40873146057129, 272.13482666015625) (0.0, 0.15492650866508484, 0.0, 0.7071067690849304) 0.6777888536453247
grass (-73.29058837890625, 25.613807678222656, 274.4134521484375) (0.0, 0.3331108093261719, 0.0, 0.7071067690849304) 0.6363846063613892
grass (-60.518028259277344, 21.416536331176758, 264.3821716308594) (0.0, 0.36588048934936523, 0.0, 0.7071067690849304) 0.9765105247497559
grass (-61.895729064941406, 28.404184341430664, 300.33319091796875) (0.0, 0.37927567958831787, 0.0, 0.7071067690849304) 1.222978115081787
grass (-48.40350341796875, 22.99679183959961, 275.29620361328125) (0.0, 0.3110038638114929, 0.0, 0.7071067690849304) 0.6438838243484497
grass (-51.97471237182617, 20.758949279785156, 263.9828796386719) (0.0, 0.18563073873519897, 0.0, 0.7071067690849304) 1.0245237350463867
grass (-68.41439056396484, 22.75235366821289, 265.3211364746094) (0.0, 0.16451625525951385, 0.0, 0.7071067690849304) 0.5091437101364136
grass (-43.955684661865234, 22.562110900878906, 268.8642272949219) (0.0, 0.5483382344245911, 0.0, 0.7071067690849304) 1.2151377201080322
grass (-59.85552215576172, 23.647600173950195, 277.98260498046875) (0.0, 0.09109509736299515, 0.0, 0.7071067690849304) 0.842347264289856
grass (-70.4522705078125, 22.97706413269043, 263.58038330078125) (0.0, 0.13058333098888397, 0.0, 0.7071067690849304) 0.5233471989631653
grass (-59.87632369995117, 29.05536651611328, 305.7314758300781) (0.0, 0.11318552494049072, 0.0, 0.7071067690849304) 1.1960813999176025
grass (-57.85143280029297, 21.28829002380371, 265.2391052246094) (0.0, 0.1195746511220932, 0.0, 0.7071067690849304) 0.660800576210022
grass (-52.46364974975586, 21.776424407958984, 269.50579833984375) (0.0, 0.3347272276878357, 0.0, 0.7071067690849304) 0.6704872846603394
grass (-62.990726470947266, 21.939735412597656, 266.1911926269531) (0.0, 0.35882899165153503, 0.0, 0.7071067690849304) 0.7131442427635193
grass (-48.71994400024414, 23.109561920166016, 276.44793701171875) (0.0, 0.5072126984596252, 0.0, 0.7071067690849304) 0.790321946144104
grass (-46.72890853881836, 22.308666229248047, 271.44873046875) (0.0, 0.4166103005409241, 0.0, 0.7071067690849304) 1.1556050777435303
grass (-46.20903778076172, 21.951736450195312, 269.3215637207031) (0.0, 0.35086095333099365, 0.0, 0.7071067690849304) 1.2437145709991455
grass (-67.3868637084961, 23.733123779296875, 272.3231201171875) (0.0, 0.6264943480491638, 0.0, 0.7071067690849304) 1.154038429260254
grass (-61.3856315612793, 21.538299560546875, 264.50897216796875) (0.0, 0.043442271649837494, 0.0, 0.7071067690849304) 1.089871883392334
grass (-60.73445129394531, 22.77751350402832, 272.5322265625) (0.0, 0.2277071177959442, 0.0, 0.7071067690849304) 0.5497258305549622
grass (-66.29818725585938, 22.565040588378906, 266.8409423828125) (0.0, 0.5682047605514526, 0.0, 0.7071067690849304) 0.7450049519538879
grass (-43.49005126953125, 23.547903060913086, 277.0255126953125) (0.0, 0.15932300686836243, 0.0, 0.7071067690849304) 1.0005089044570923
grass (-62.52181625366211, 21.33176612854004, 262.28271484375) (0.0, 0.39617919921875, 0.0, 0.7071067690849304) 0.6372900009155273
grass (-55.62543869018555, 23.077484130859375, 276.0208740234375) (0.0, 0.6229737401008606, 0.0, 0.7071067690849304) 0.8663873672485352
grass (-43.21944808959961, 22.87760353088379, 273.2654113769531) (0.0, 0.07477086782455444, 0.0, 0.7071067690849304) 1.1299641132354736
grass (-61.143577575683594, 23.95623779296875, 278.7852783203125) (0.0, 0.10648468881845474, 0.0, 0.7071067690849304) 1.204996943473816
grass (-58.338401794433594, 21.96706771850586, 269.41973876953125) (0.0, 0.6773145198822021, 0.0, 0.7071067690849304) 0.5071984529495239
grass (-47.465145111083984, 22.848663330078125, 274.38836669921875) (0.0, 0.6157546639442444, 0.0, 0.7071067690849304) 0.8160146474838257
grass (-46.64439010620117, 22.188232421875, 270.8143615722656) (0.0, 0.4555169641971588, 0.0, 0.7071067690849304) 0.6875824332237244
grass (-41.25428009033203, 22.702186584472656, 268.30853271484375) (0.0, 0.5647490620613098, 0.0, 0.7071067690849304) 0.9603784680366516
grass (-56.54930877685547, 23.016408920288086, 275.2618713378906) (0.0, 0.5160510540008545, 0.0, 0.7071067690849304) 0.5566078424453735
grass (-67.97486877441406, 27.281496047973633, 289.3779296875) (0.0, 0.47454845905303955, 0.0, 0.7071067690849304) 0.6012288331985474
grass (-51.03480911254883, 23.085384368896484, 276.54010009765625) (0.0, 0.09621400386095047, 0.0, 0.7071067690849304) 0.5465258359909058
grass (-80.97648620605469, 32.617305755615234, 305.5580749511719) (0.0, 0.35167431831359863, 0.0, 0.7071067690849304) 0.9094423055648804
grass (-55.30548095703125, 28.426509857177734, 292.9440002441406) (0.0, 0.43406498432159424, 0.0, 0.7071067690849304) 0.9957705736160278
grass (-50.65369415283203, 21.321889877319336, 267.2841491699219) (0.0, 0.5973311066627502, 0.0, 0.7071067690849304) 0.7124419212341309
grass (-61.454593658447266, 29.12751579284668, 306.2248229980469) (0.0, 0.2793307602405548, 0.0, 0.7071067690849304) 1.1097073554992676
grass (-57.04861831665039, 21.645896911621094, 268.08917236328125) (0.0, 0.3266191780567169, 0.0, 0.7071067690849304) 1.2185730934143066
grass (-62.30366134643555, 29.136281967163086, 306.09857177734375) (0.0, 0.2841408848762512, 0.0, 0.7071067690849304) 0.9578915238380432
grass (-47.45906448364258, 22.037525177001953, 270.2822570800781) (0.0, 0.6268494725227356, 0.0, 0.7071067690849304) 0.7631427049636841
grass (-56.09566116333008, 21.572751998901367, 268.0395812988281) (0.0, 0.39333274960517883, 0.0, 0.7071067690849304) 1.0002893209457397
grass (-65.54627227783203, 24.861482620239258, 281.6398620605469) (0.0, 0.6955357789993286, 0.0, 0.7071067690849304) 0.6027930974960327
grass (-56.232093811035156, 21.390953063964844, 266.7724609375) (0.0, 0.38506582379341125, 0.0, 0.7071067690849304) 1.1203787326812744
grass (-53.70766067504883, 30.51498794555664, 311.8117980957031) (0.0, 0.46354249119758606, 0.0, 0.7071067690849304) 0.6893681287765503
grass (-54.24463653564453, 30.026569366455078, 309.35870361328125) (0.0, 0.456937313079834, 0.0, 0.7071067690849304) 0.9214445352554321
grass (-51.74177932739258, 22.942747116088867, 275.4891052246094) (0.0, 0.6211424469947815, 0.0, 0.7071067690849304) 0.972124457359314
grass (-42.88554382324219, 23.18741798400879, 274.739990234375) (0.0, 0.3725408911705017, 0.0, 0.7071067690849304) 0.5431704521179199
grass (-58.24726867675781, 23.30353355407715, 276.3465576171875) (0.0, 0.6382060050964355, 0.0, 0.7071067690849304) 0.973156213760376
grass (-56.654991149902344, 23.37141990661621, 277.8150329589844) (0.0, 0.5211310982704163, 0.0, 0.7071067690849304) 0.812863826751709
grass (-61.81341552734375, 29.002824783325195, 305.3583984375) (0.0, 0.2625468671321869, 0.0, 0.7071067690849304) 1.0729049444198608
grass (-55.35453414916992, 22.530712127685547, 272.779296875) (0.0, 0.5936279892921448, 0.0, 0.7071067690849304) 0.738193154335022
grass (-63.622833251953125, 23.996469497680664, 277.3994140625) (0.0, 0.18212217092514038, 0.0, 0.7071067690849304) 1.23103666305542
grass (-46.56648635864258, 23.318782806396484, 277.22381591796875) (0.0, 0.4433821439743042, 0.0, 0.7071067690849304) 0.6010061502456665
grass (-55.16880798339844, 29.789278030395508, 308.4707946777344) (0.0, 0.4608420729637146, 0.0, 0.7071067690849304) 0.5463634133338928
grass (-58.9264030456543, 23.779525756835938, 278.782958984375) (0.0, 0.39797404408454895, 0.0, 0.7071067690849304) 1.1227238178253174
grass (-42.37944030761719, 24.086814880371094, 278.9543151855469) (0.0, 0.18496261537075043, 0.0, 0.7071067690849304) 0.9119256138801575
grass (-54.45051193237305, 22.878210067749023, 274.5320129394531) (0.0, 0.3523758053779602, 0.0, 0.7071067690849304) 0.5885188579559326
grass (-58.40867614746094, 29.138517379760742, 304.0195007324219) (0.0, 0.056352272629737854, 0.0, 0.7071067690849304) 1.0881932973861694
grass (-80.47866821289062, 32.42851257324219, 302.5343322753906) (0.0, 0.6095916032791138, 0.0, 0.7071067690849304) 0.5514367818832397
grass (-57.02471923828125, 24.506010055541992, 282.22418212890625) (0.0, 0.18423044681549072, 0.0, 0.7071067690849304) 0.8627505302429199
grass (-55.07481002807617, 30.04344367980957, 309.9012451171875) (0.0, 0.4010663628578186, 0.0, 0.7071067690849304) 0.6696380376815796
grass (-53.94047546386719, 22.855289459228516, 274.508056640625) (0.0, 0.46161410212516785, 0.0, 0.7071067690849304) 0.846255898475647
grass (-75.23006439208984, 29.636676788330078, 294.2518005371094) (0.0, 0.34780389070510864, 0.0, 0.7071067690849304) 0.8818097710609436
grass (-58.314979553222656, 29.11819839477539, 305.4293518066406) (0.0, 0.5999549031257629, 0.0, 0.7071067690849304) 0.6280511617660522
grass (-44.645545959472656, 22.894742965698242, 273.7768249511719) (0.0, 0.11969999969005585, 0.0, 0.7071067690849304) 1.1129090785980225
grass (-65.77068328857422, 28.882131576538086, 303.2546691894531) (0.0, 0.43193319439888, 0.0, 0.7071067690849304) 0.7766156792640686
grass (-56.06001663208008, 22.745275497436523, 273.6147766113281) (0.0, 0.24389883875846863, 0.0, 0.7071067690849304) 0.738832950592041
grass (-49.79646301269531, 22.967609405517578, 275.48016357421875) (0.0, 0.3937090337276459, 0.0, 0.7071067690849304) 0.7542582750320435
grass (-63.50767517089844, 23.706867218017578, 274.82379150390625) (0.0, 0.18652315437793732, 0.0, 0.7071067690849304) 0.6642465591430664
grass (-52.12175750732422, 30.728620529174805, 311.7278137207031) (0.0, 0.4046156406402588, 0.0, 0.7071067690849304) 0.8237935900688171
grass (-56.20908737182617, 30.014860153198242, 310.15216064453125) (0.0, 0.20342235267162323, 0.0, 0.7071067690849304) 0.6647940278053284
grass (-37.404239654541016, 26.83614158630371, 286.88751220703125) (0.0, 0.033976342529058456, 0.0, 0.7071067690849304) 1.0221763849258423
grass (-46.85533142089844, 24.077144622802734, 280.89697265625) (0.0, 0.6947583556175232, 0.0, 0.7071067690849304) 0.965283989906311
grass (-63.42995071411133, 28.992433547973633, 304.9522705078125) (0.0, 0.4138055145740509, 0.0, 0.7071067690849304) 0.7889028787612915
grass (-60.558082580566406, 23.041156768798828, 273.82177734375) (0.0, 0.32360586524009705, 0.0, 0.7071067690849304) 0.9157701134681702
grass (-49.82501220703125, 22.775005340576172, 274.1482849121094) (0.0, 0.5234713554382324, 0.0, 0.7071067690849304) 0.693260908126831
grass (-66.96003723144531, 24.496353149414062, 277.3825988769531) (0.0, 0.5443135499954224, 0.0, 0.7071067690849304) 0.8459992408752441
grass (-51.68777847290039, 22.53696632385254, 273.06158447265625) (0.0, 0.14305229485034943, 0.0, 0.7071067690849304) 0.7432005405426025
grass (-50.95648956298828, 23.17475700378418, 277.1947937011719) (0.0, 0.3609547019004822, 0.0, 0.7071067690849304) 1.1834664344787598
grass (-68.67730712890625, 28.361785888671875, 295.67669677734375) (0.0, 0.039517052471637726, 0.0, 0.7071067690849304) 1.1490083932876587
grass (-56.06955337524414, 29.533035278320312, 306.7266845703125) (0.0, 0.5598888993263245, 0.0, 0.7071067690849304) 0.740613579750061
grass (-60.34672164916992, 25.041730880737305, 282.4449462890625) (0.0, 0.5480388402938843, 0.0, 0.7071067690849304) 0.9706891775131226
grass (-77.74764251708984, 32.480560302734375, 304.2740783691406) (0.0, 0.6354981660842896, 0.0, 0.7071067690849304) 0.881609320640564
grass (-49.361228942871094, 23.529842376708984, 278.9162902832031) (0.0, 0.6929420828819275, 0.0, 0.7071067690849304) 0.9408923983573914
grass (-82.07583618164062, 32.897605895996094, 307.56915283203125) (0.0, 0.5177944898605347, 0.0, 0.7071067690849304) 0.7986072301864624
grass (-55.79489517211914, 22.69780731201172, 273.44976806640625) (0.0, 0.2975234389305115, 0.0, 0.7071067690849304) 0.5741339921951294
grass (-51.1012077331543, 23.008731842041016, 276.05487060546875) (0.0, 0.026902416720986366, 0.0, 0.7071067690849304) 1.0351592302322388
grass (-72.36498260498047, 25.875825881958008, 276.7032470703125) (0.0, 0.49374061822891235, 0.0, 0.7071067690849304) 1.2226459980010986
grass (-50.848724365234375, 23.149028778076172, 277.0017395019531) (0.0, 0.38836610317230225, 0.0, 0.7071067690849304) 0.7123871445655823
grass (-59.0036506652832, 23.691404342651367, 278.31463623046875) (0.0, 0.1171981617808342, 0.0, 0.7071067690849304) 0.7690004110336304
grass (-63.85213088989258, 24.0816707611084, 277.96392822265625) (0.0, 0.4665524661540985, 0.0, 0.7071067690849304) 1.0986734628677368
grass (-67.95829772949219, 24.670520782470703, 277.1229248046875) (0.0, 0.48711076378822327, 0.0, 0.7071067690849304) 1.1402217149734497
grass (-56.83070373535156, 28.684112548828125, 295.1075439453125) (0.0, 0.6442717909812927, 0.0, 0.7071067690849304) 1.0784989595413208
grass (-56.21415328979492, 29.5955810546875, 304.8025817871094) (0.0, 0.135640949010849, 0.0, 0.7071067690849304) 0.9030790328979492
grass (-50.23992156982422, 31.5670108795166, 300.5753173828125) (0.0, 0.02353825606405735, 0.0, 0.7071067690849304) 1.1799235343933105
grass (-41.38916778564453, 24.79808807373047, 281.5285339355469) (0.0, 0.28247779607772827, 0.0, 0.7071067690849304) 1.0135072469711304
grass (-60.30702590942383, 29.737234115600586, 309.6127014160156) (0.0, 0.041724368929862976, 0.0, 0.7071067690849304) 0.6479496955871582
grass (-56.55777359008789, 28.972393035888672, 296.82122802734375) (0.0, 0.40135085582733154, 0.0, 0.7071067690849304) 1.0507259368896484
grass (-53.90822982788086, 24.517301559448242, 282.4511413574219) (0.0, 0.10426051169633865, 0.0, 0.7071067690849304) 0.8779194355010986
grass (-62.55918884277344, 28.765850067138672, 303.61993408203125) (0.0, 0.5559872388839722, 0.0, 0.7071067690849304) 0.5647567510604858
grass (-77.5265121459961, 32.528892517089844, 303.86602783203125) (0.0, 0.1983763575553894, 0.0, 0.7071067690849304) 0.6322116851806641
grass (-61.603782653808594, 28.526657104492188, 301.523193359375) (0.0, 0.3596171438694, 0.0, 0.7071067690849304) 1.071710228919983
grass (-82.21441650390625, 32.59952926635742, 302.35809326171875) (0.0, 0.4304688572883606, 0.0, 0.7071067690849304) 0.7639906406402588
grass (-64.54158020019531, 28.94489097595215, 304.2155456542969) (0.0, 0.2627941966056824, 0.0, 0.7071067690849304) 0.5879263877868652
grass (-72.98135375976562, 25.98548698425293, 276.8515319824219) (0.0, 0.11513161659240723, 0.0, 0.7071067690849304) 1.2061576843261719
grass (-69.67646026611328, 29.149703979492188, 301.579345703125) (0.0, 0.6251275539398193, 0.0, 0.7071067690849304) 0.7323384881019592
grass (-81.59202575683594, 32.39096450805664, 301.0086364746094) (0.0, 0.5861771702766418, 0.0, 0.7071067690849304) 0.6317857503890991
grass (-68.80724334716797, 28.73543357849121, 298.3669738769531) (0.0, 0.2976815104484558, 0.0, 0.7071067690849304) 0.7011674642562866
grass (-63.75324630737305, 25.051481246948242, 283.68603515625) (0.0, 0.20243586599826813, 0.0, 0.7071067690849304) 0.5491470098495483
grass (-60.42939376831055, 29.65727996826172, 309.1261901855469) (0.0, 0.2113727629184723, 0.0, 0.7071067690849304) 1.1633052825927734
grass (-62.50202560424805, 28.851133346557617, 304.24761962890625) (0.0, 0.4034781754016876, 0.0, 0.7071067690849304) 0.6294950842857361
grass (-70.8271255493164, 28.81461524963379, 295.82965087890625) (0.0, 0.4505375027656555, 0.0, 0.7071067690849304) 0.785292387008667
grass (-60.85407638549805, 28.947467803955078, 305.035888671875) (0.0, 0.5483046174049377, 0.0, 0.7071067690849304) 0.6254483461380005
grass (-50.55779266357422, 30.978342056274414, 304.5287780761719) (0.0, 0.025077879428863525, 0.0, 0.7071067690849304) 1.183929443359375
grass (-49.60042190551758, 31.78336524963379, 301.8062744140625) (0.0, 0.04558249190449715, 0.0, 0.7071067690849304) 0.5019110441207886
grass (-59.88174819946289, 29.772232055664062, 309.74566650390625) (0.0, 0.20281754434108734, 0.0, 0.7071067690849304) 0.9202021360397339
grass (-80.0728759765625, 32.490211486816406, 303.49432373046875) (0.0, 0.5639996528625488, 0.0, 0.7071067690849304) 1.0862455368041992
grass (-66.708984375, 28.951934814453125, 303.1746826171875) (0.0, 0.26533928513526917, 0.0, 0.7071067690849304) 0.7557624578475952
grass (-53.53092956542969, 30.47793197631836, 311.4044189453125) (0.0, 0.5534440875053406, 0.0, 0.7071067690849304) 1.1068806648254395
grass (-65.34564208984375, 28.625028610229492, 301.31536865234375) (0.0, 0.2688487470149994, 0.0, 0.7071067690849304) 1.233352780342102
grass (-54.547786712646484, 30.28543472290039, 310.9123229980469) (0.0, 0.21284908056259155, 0.0, 0.7071067690849304) 0.5751752853393555
grass (-54.179786682128906, 29.970661163330078, 305.38409423828125) (0.0, 0.49375420808792114, 0.0, 0.7071067690849304) 0.9276148080825806
grass (-53.89207458496094, 30.399497985839844, 311.1786193847656) (0.0, 0.6774260401725769, 0.0, 0.7071067690849304) 0.9112943410873413
grass (-79.75691223144531, 32.845069885253906, 308.9914245605469) (0.0, 0.3402397036552429, 0.0, 0.7071067690849304) 0.7399829626083374
grass (-66.10637664794922, 29.1436824798584, 304.4702453613281) (0.0, 0.2246088981628418, 0.0, 0.7071067690849304) 1.1200608015060425
grass (-60.135902404785156, 29.52958106994629, 308.3511047363281) (0.0, 0.20541860163211823, 0.0, 0.7071067690849304) 1.1150621175765991
grass (-78.6301498413086, 32.578697204589844, 303.2946472167969) (0.0, 0.03449272736907005, 0.0, 0.7071067690849304) 0.6040998697280884
grass (-81.17729187011719, 32.64000701904297, 305.3052978515625) (0.0, 0.13958445191383362, 0.0, 0.7071067690849304) 1.1802265644073486
grass (-56.639610290527344, 29.449079513549805, 305.2939147949219) (0.0, 0.4173038601875305, 0.0, 0.7071067690849304) 1.0264708995819092
grass (-56.48749923706055, 29.442834854125977, 305.5972595214844) (0.0, 0.45917651057243347, 0.0, 0.7071067690849304) 1.0160902738571167
grass (-48.45279312133789, 31.716218948364258, 313.8054504394531) (0.0, 0.2770540714263916, 0.0, 0.7071067690849304) 1.1813524961471558
grass (-81.94113159179688, 32.811824798583984, 306.0738525390625) (0.0, 0.02398703619837761, 0.0, 0.7071067690849304) 0.9900014400482178
grass (-60.154197692871094, 29.680648803710938, 309.2471923828125) (0.0, 0.11624791473150253, 0.0, 0.7071067690849304) 0.620059072971344
grass (-79.03331756591797, 32.34941482543945, 305.4923400878906) (0.0, 0.6021521687507629, 0.0, 0.7071067690849304) 0.5042455792427063
grass (-61.087249755859375, 29.080509185791016, 305.9556579589844) (0.0, 0.5909515619277954, 0.0, 0.7071067690849304) 0.8276491761207581
grass (-61.776458740234375, 29.154537200927734, 306.3365783691406) (0.0, 0.5213735103607178, 0.0, 0.7071067690849304) 0.9737310409545898
grass (-61.79893112182617, 29.093664169311523, 305.9597473144531) (0.0, 0.4169155955314636, 0.0, 0.7071067690849304) 0.6145642995834351
grass (-53.762672424316406, 31.094682693481445, 314.83489990234375) (0.0, 0.3367871940135956, 0.0, 0.7071067690849304) 1.219947099685669
grass (-60.48923873901367, 29.948396682739258, 310.8382873535156) (0.0, 0.009544068947434425, 0.0, 0.7071067690849304) 1.012777328491211
grass (-77.33541870117188, 32.40591049194336, 304.4397888183594) (0.0, 0.15715311467647552, 0.0, 0.7071067690849304) 0.5782895684242249
grass (-78.24152374267578, 32.390357971191406, 304.949462890625) (0.0, 0.43153584003448486, 0.0, 0.7071067690849304) 1.0821590423583984
grass (-64.03994750976562, 29.44509506225586, 307.22845458984375) (0.0, 0.523425817489624, 0.0, 0.7071067690849304) 0.7609883546829224
grass (-55.818260192871094, 30.133617401123047, 310.70465087890625) (0.0, 0.2528127133846283, 0.0, 0.7071067690849304) 0.8422139883041382
grass (-79.84483337402344, 32.3831787109375, 304.5696105957031) (0.0, 0.20700660347938538, 0.0, 0.7071067690849304) 0.7285987734794617
grass (-63.53324508666992, 29.630678176879883, 308.3349609375) (0.0, 0.2819942831993103, 0.0, 0.7071067690849304) 1.0760700702667236
grass (-62.8917236328125, 29.444673538208008, 307.6316223144531) (0.0, 0.615546703338623, 0.0, 0.7071067690849304) 1.1132019758224487
grass (-77.46207427978516, 32.37125778198242, 306.4153747558594) (0.0, 0.6715999841690063, 0.0, 0.7071067690849304) 0.806303083896637
grass (-80.34050750732422, 32.7014045715332, 308.1366271972656) (0.0, 0.18473511934280396, 0.0, 0.7071067690849304) 0.7779844999313354
grass (-81.32374572753906, 33.08906555175781, 309.9443359375) (0.0, 0.4937073290348053, 0.0, 0.7071067690849304) 0.5578913688659668
grass (-79.29312896728516, 32.3987922668457, 306.2809753417969) (0.0, 0.645152747631073, 0.0, 0.7071067690849304) 0.9915578961372375
grass (-81.23582458496094, 32.718326568603516, 307.4730529785156) (0.0, 0.22217154502868652, 0.0, 0.7071067690849304) 1.1975398063659668
grass (-49.423336029052734, 31.423940658569336, 313.2212219238281) (0.0, 0.5185391306877136, 0.0, 0.7071067690849304) 0.9754242300987244
grass (-80.47574615478516, 33.27598190307617, 311.12646484375) (0.0, 0.3261018693447113, 0.0, 0.7071067690849304) 0.8501143455505371
grass (-53.946136474609375, 30.666404724121094, 312.73712158203125) (0.0, 0.6313482522964478, 0.0, 0.7071067690849304) 0.9435266852378845
grass (-54.01945114135742, 30.8104248046875, 313.441162109375) (0.0, 0.430431604385376, 0.0, 0.7071067690849304) 0.6948168277740479
grass (-50.827144622802734, 31.251415252685547, 313.7200622558594) (0.0, 0.42867305874824524, 0.0, 0.7071067690849304) 1.0540941953659058
grass (-57.58803939819336, 30.362960815429688, 312.79693603515625) (0.0, 0.2032967507839203, 0.0, 0.7071067690849304) 1.175949215888977
grass (-81.17520904541016, 33.38075637817383, 312.568359375) (0.0, 0.17470534145832062, 0.0, 0.7071067690849304) 0.5976470708847046
